HMMER3/f [3.1b2 | February 2015]
NAME  SEED
LENG  70
ALPH  amino
RF    no
MM    no
CONS  yes
CS    no
MAP   yes
DATE  Mon Jan 21 15:13:21 2019
NSEQ  160
EFFN  6.567383
CKSUM 155942652
STATS LOCAL MSV       -8.8448  0.71873
STATS LOCAL VITERBI   -9.3122  0.71873
STATS LOCAL FORWARD   -4.4120  0.71873
HMM          A        C        D        E        F        G        H        I        K        L        M        N        P        Q        R        S        T        V        W        Y   
            m->m     m->i     m->d     i->m     i->i     d->m     d->d
  COMPO   2.63126  5.24150  2.54948  2.53807  3.98002  3.03768  4.11831  2.82622  2.28001  2.81566  4.25534  2.68380  3.22456  3.09484  3.28991  2.72310  2.56745  2.43036  5.29583  3.86000
          2.68618  4.42225  2.77519  2.73123  3.46354  2.40513  3.72494  3.29354  2.67741  2.69355  4.24690  2.90347  2.73739  3.18146  2.89801  2.37887  2.77519  2.98518  4.58477  3.61503
          0.00559  5.58455  6.30689  0.61958  0.77255  0.00000        *
      1   2.33571  4.95500  3.23184  3.41723  2.92734  3.88054  3.90456  2.52219  3.01511  2.13440  3.94198  3.06687  3.21471  3.49010  3.55238  3.07051  2.38265  2.37212  5.53279  2.51682      1 l - - -
          2.68618  4.42225  2.77519  2.73123  3.46354  2.40513  3.72494  3.29354  2.67741  2.69355  4.24690  2.90347  2.73739  3.18146  2.89801  2.37887  2.77519  2.98518  4.58477  3.61503
          0.00559  5.58455  6.30689  0.61958  0.77255  0.48576  0.95510
      2   2.93185  5.67130  2.55148  1.97690  5.01667  3.19659  3.64447  4.06899  2.05854  3.80885  4.71188  2.95337  2.65398  2.98507  3.15834  2.58134  2.21818  2.76528  6.10381  4.42324      2 e - - -
          2.68618  4.42225  2.77519  2.73123  3.46354  2.40513  3.72494  3.29354  2.67741  2.69355  4.24690  2.90347  2.73739  3.18146  2.89801  2.37887  2.77519  2.98518  4.58477  3.61503
          0.00559  5.58455  6.30689  0.61958  0.77255  0.48576  0.95510
      3   2.81440  4.62870  4.42711  4.49877  3.34885  4.11786  4.72619  1.81998  4.30428  1.62371  3.74710  4.52840  2.06303  4.28413  4.11360  3.38047  3.18860  1.91339  5.24901  2.90824      3 l - - -
          2.68618  4.42225  2.77519  2.73123  3.46354  2.40513  3.72494  3.29354  2.67741  2.69355  4.24690  2.90347  2.73739  3.18146  2.89801  2.37887  2.77519  2.98518  4.58477  3.61503
          0.01898  5.58455  4.19681  0.61958  0.77255  0.48576  0.95510
      4   2.79750  5.57172  3.35711  2.62753  4.87888  3.94599  3.93188  3.42806  1.88830  3.30662  4.62254  1.73183  4.33848  2.62887  3.37430  3.04192  2.47705  2.24739  6.02777  4.19232      4 n - - -
          2.68618  4.42225  2.77519  2.73123  3.46354  2.40513  3.72494  3.29354  2.67741  2.69355  4.24690  2.90347  2.73739  3.18146  2.89801  2.37887  2.77519  2.98518  4.58477  3.61503
          0.00567  5.57124  6.29359  0.61958  0.77255  0.49705  0.93731
      5   2.13805  4.10164  3.94370  4.33139  3.53029  4.08881  4.68731  1.78957  3.16645  2.10771  2.99105  3.35756  4.10688  4.21897  4.27177  3.39704  2.91819  1.96566  5.26938  2.47484      5 i - - -
          2.68618  4.42225  2.77519  2.73123  3.46354  2.40513  3.72494  3.29354  2.67741  2.69355  4.24690  2.90347  2.73739  3.18146  2.89801  2.37887  2.77519  2.98518  4.58477  3.61503
          0.00563  5.57798  6.30033  0.61958  0.77255  0.46592  0.98767
      6   3.18902  5.27645  3.68378  3.36768  3.85674  3.82616  4.51384  3.98743  3.30426  3.49530  4.50360  3.82774  0.62146  3.50094  3.82600  2.93052  3.16342  3.68934  5.95106  4.66855      6 P - - -
          2.68604  4.42254  2.77477  2.73110  3.46383  2.40529  3.72524  3.29355  2.67731  2.69384  4.24719  2.90271  2.73763  3.18168  2.89830  2.37880  2.77482  2.98542  4.58506  3.61532
          0.56418  1.05354  2.49533  0.17113  1.84968  0.48576  0.95510
      7   2.71163  5.62486  1.81186  1.98442  4.97008  3.83467  3.87118  3.81548  2.29519  3.78375  4.66548  2.63352  3.77876  2.77237  3.16484  2.49459  2.51717  2.99013  6.05745  4.64640     10 d - - -
          2.68618  4.42225  2.77519  2.73123  3.46354  2.40513  3.72494  3.29354  2.67741  2.69355  4.24690  2.90347  2.73739  3.18146  2.89801  2.37887  2.77519  2.98518  4.58477  3.61503
          0.00609  5.50046  6.22281  0.61958  0.77255  0.54027  0.87369
      8   2.91986  5.56903  3.42874  2.73278  4.88067  3.93149  4.12125  3.69775  1.00742  3.01485  4.61884  3.03751  3.32981  3.15413  2.58788  3.00927  2.94280  3.39007  6.02174  4.36579     11 k - - -
          2.68618  4.42225  2.77519  2.73123  3.46354  2.40513  3.72494  3.29354  2.67741  2.69355  4.24690  2.90347  2.73739  3.18146  2.89801  2.37887  2.77519  2.98518  4.58477  3.61503
          0.00583  5.54361  6.26595  0.61958  0.77255  0.48242  0.96047
      9   3.24078  4.63463  5.07772  4.05168  3.73123  4.39826  4.72616  2.18341  3.88299  2.45877  3.32735  4.51746  4.76250  4.43979  4.02389  3.70439  1.40251  1.27327  5.25951  3.77732     12 v - - -
          2.68618  4.42225  2.77519  2.73123  3.46354  2.40513  3.72494  3.29354  2.67741  2.69355  4.24690  2.90347  2.73739  3.18146  2.89801  2.37887  2.77519  2.98518  4.58477  3.61503
          0.00568  5.56949  6.29184  0.61958  0.77255  0.48545  0.95560
     10   2.49506  5.58346  3.28003  1.75526  4.50625  3.05052  4.13949  4.00936  1.99353  2.74073  4.63347  3.43080  2.19778  3.03704  3.30718  3.04425  2.90830  2.99434  4.87956  4.38403     13 e - - -
          2.68618  4.42225  2.77519  2.73123  3.46354  2.40513  3.72494  3.29354  2.67741  2.69355  4.24690  2.90347  2.73739  3.18146  2.89801  2.37887  2.77519  2.98518  4.58477  3.61503
          0.00563  5.57882  6.30117  0.61958  0.77255  0.46836  0.98358
     11   3.57893  5.29349  5.80931  5.42525  4.82529  5.05643  6.05480  2.64350  4.44768  3.46897  4.64573  5.42830  5.57523  5.55915  5.35663  4.07074  4.22656  0.26743  6.66112  5.44432     14 V - - -
          2.68618  4.42225  2.77519  2.73123  3.46354  2.40513  3.72494  3.29354  2.67741  2.69355  4.24690  2.90347  2.73739  3.18146  2.89801  2.37887  2.77519  2.98518  4.58477  3.61503
          0.00559  5.58455  6.30689  0.61958  0.77255  0.48576  0.95510
     12   2.40701  5.67245  2.09017  2.29632  5.01833  2.90754  3.81984  4.12378  1.95774  3.87982  4.55335  2.51518  3.95946  2.91008  2.67349  2.88328  2.80497  2.82641  6.10465  4.69321     15 k - - -
          2.68618  4.42225  2.77519  2.73123  3.46354  2.40513  3.72494  3.29354  2.67741  2.69355  4.24690  2.90347  2.73739  3.18146  2.89801  2.37887  2.77519  2.98518  4.58477  3.61503
          0.00559  5.58455  6.30689  0.61958  0.77255  0.48576  0.95510
     13   3.28843  5.81383  1.30504  2.77948  5.15287  3.70453  3.92284  4.64381  2.56677  4.11612  4.86065  1.47397  4.42156  3.33327  3.23727  2.40073  3.52479  4.20212  6.24494  4.35512     16 d - - -
          2.68618  4.42225  2.77519  2.73123  3.46354  2.40513  3.72494  3.29354  2.67741  2.69355  4.24690  2.90347  2.73739  3.18146  2.89801  2.37887  2.77519  2.98518  4.58477  3.61503
          0.01092  5.58455  4.94635  0.61958  0.77255  0.48576  0.95510
     14   2.27534  5.39333  2.97942  2.96794  4.63767  3.49898  4.19913  3.06877  2.31861  2.45372  4.46210  3.52186  1.69180  3.11651  3.08289  3.07060  2.79994  2.72143  5.89150  4.30337     17 p - - -
          2.68632  4.42239  2.77534  2.73137  3.46368  2.40478  3.72509  3.29368  2.67683  2.69369  4.24704  2.90361  2.73754  3.18161  2.89815  2.37901  2.77534  2.98520  4.58491  3.61354
          0.08899  2.53497  5.13667  0.88547  0.53192  0.46961  0.98149
     15   2.44476  5.67062  2.36156  2.68675  5.01654  3.46365  4.11835  4.23516  1.83574  3.97626  4.71108  2.28981  4.32485  2.83869  2.86379  2.06781  2.26413  3.93097  6.10279  4.69131     21 k - - -
          2.68618  4.42225  2.77519  2.73123  3.46354  2.40513  3.72494  3.29354  2.67741  2.69355  4.24690  2.90347  2.73739  3.18146  2.89801  2.37887  2.77519  2.98518  4.58477  3.61503
          0.00562  5.58052  6.30286  0.61958  0.77255  0.47337  0.97525
     16   2.43151  5.67257  2.78364  2.67380  5.01830  3.82484  2.84593  4.32950  1.61408  3.83011  4.71308  2.21424  4.32731  2.82719  3.25945  1.84229  3.30729  4.06357  6.10484  4.27674     22 k - - -
          2.68618  4.42225  2.77519  2.73123  3.46354  2.40513  3.72494  3.29354  2.67741  2.69355  4.24690  2.90347  2.73739  3.18146  2.89801  2.37887  2.77519  2.98518  4.58477  3.61503
          0.00559  5.58455  6.30689  0.61958  0.77255  0.48576  0.95510
     17   4.98311  6.09386  6.99923  6.43019  3.67161  6.54379  6.79301  2.64592  6.34173  0.25867  3.79093  6.74574  6.32841  5.98322  6.18157  6.01611  5.16587  2.62859  6.47897  5.62633     23 L - - -
          2.68618  4.42225  2.77519  2.73123  3.46354  2.40513  3.72494  3.29354  2.67741  2.69355  4.24690  2.90347  2.73739  3.18146  2.89801  2.37887  2.77519  2.98518  4.58477  3.61503
          0.00559  5.58455  6.30689  0.61958  0.77255  0.48576  0.95510
     18   3.11281  5.69013  3.00208  2.66934  5.02646  3.68155  4.15793  4.50742  2.47365  3.99234  4.73624  2.97538  4.35899  3.19152  3.33478  2.03380  1.01963  3.90999  6.12903  4.72072     24 t - - -
          2.68618  4.42225  2.77519  2.73123  3.46354  2.40513  3.72494  3.29354  2.67741  2.69355  4.24690  2.90347  2.73739  3.18146  2.89801  2.37887  2.77519  2.98518  4.58477  3.61503
          0.00559  5.58455  6.30689  0.61958  0.77255  0.48576  0.95510
     19   2.65944  5.67405  1.86083  2.20572  5.01999  3.72239  4.12133  4.50666  2.16946  3.60996  4.71452  2.89592  2.28309  2.22765  3.34897  2.75727  2.87706  3.84854  6.10617  4.69455     25 d - - -
          2.68618  4.42225  2.77519  2.73123  3.46354  2.40513  3.72494  3.29354  2.67741  2.69355  4.24690  2.90347  2.73739  3.18146  2.89801  2.37887  2.77519  2.98518  4.58477  3.61503
          0.00559  5.58455  6.30689  0.61958  0.77255  0.48576  0.95510
     20   2.42833  5.27539  1.78986  1.65530  3.65858  3.23653  4.12177  4.14483  2.53044  3.97177  4.70823  2.94289  4.02863  3.03954  3.34963  2.40395  2.72869  3.75014  6.10078  4.69076     26 e - - -
          2.68618  4.42225  2.77519  2.73123  3.46354  2.40513  3.72494  3.29354  2.67741  2.69355  4.24690  2.90347  2.73739  3.18146  2.89801  2.37887  2.77519  2.98518  4.58477  3.61503
          0.00559  5.58455  6.30689  0.61958  0.77255  0.48576  0.95510
     21   4.28324  7.10001  1.98098  0.36173  6.32030  4.32661  4.98710  5.94145  4.17419  5.35996  6.27461  3.76006  5.02392  3.64996  4.89987  4.08976  4.60131  5.45008  7.49679  4.64562     27 E - - -
          2.68618  4.42225  2.77519  2.73123  3.46354  2.40513  3.72494  3.29354  2.67741  2.69355  4.24690  2.90347  2.73739  3.18146  2.89801  2.37887  2.77519  2.98518  4.58477  3.61503
          0.00559  5.58455  6.30689  0.61958  0.77255  0.48576  0.95510
     22   3.63997  5.94207  4.02251  3.19073  5.34454  4.35863  4.37718  3.03510  0.62537  3.87975  4.99826  3.84421  4.71981  2.50575  2.53622  3.51076  3.83101  3.90257  6.27261  5.01100     28 K - - -
          2.68618  4.42225  2.77519  2.73123  3.46354  2.40513  3.72494  3.29354  2.67741  2.69355  4.24690  2.90347  2.73739  3.18146  2.89801  2.37887  2.77519  2.98518  4.58477  3.61503
          0.00559  5.58455  6.30689  0.61958  0.77255  0.48576  0.95510
     23   2.18647  5.67820  2.19262  1.81540  5.02431  3.65578  4.12381  4.51132  2.16269  3.98392  4.71873  2.56095  4.32989  2.27180  3.25058  2.50178  2.73189  4.06943  6.11011  4.69802     29 e - - -
          2.68618  4.42225  2.77519  2.73123  3.46354  2.40513  3.72494  3.29354  2.67741  2.69355  4.24690  2.90347  2.73739  3.18146  2.89801  2.37887  2.77519  2.98518  4.58477  3.61503
          0.00559  5.58455  6.30689  0.61958  0.77255  0.48576  0.95510
     24   1.88798  5.66985  3.35771  2.14831  5.01456  3.93407  3.75468  4.06266  1.65989  3.76182  4.28802  2.56465  4.32752  2.22211  3.07534  2.83180  2.74181  3.89895  6.10274  4.69205     30 k - - -
          2.68618  4.42225  2.77519  2.73123  3.46354  2.40513  3.72494  3.29354  2.67741  2.69355  4.24690  2.90347  2.73739  3.18146  2.89801  2.37887  2.77519  2.98518  4.58477  3.61503
          0.00559  5.58455  6.30689  0.61958  0.77255  0.48576  0.95510
     25   4.35937  5.50255  6.56169  6.15204  4.98856  6.17779  7.20486  1.15296  6.17302  2.64962  4.64837  6.35224  6.32006  6.48083  6.39758  5.67949  4.62369  0.59960  7.34092  6.08809     31 V - - -
          2.68618  4.42225  2.77519  2.73123  3.46354  2.40513  3.72494  3.29354  2.67741  2.69355  4.24690  2.90347  2.73739  3.18146  2.89801  2.37887  2.77519  2.98518  4.58477  3.61503
          0.00559  5.58455  6.30689  0.61958  0.77255  0.48576  0.95510
     26   2.74451  5.53788  2.92716  2.36782  4.82947  3.96308  3.76303  2.42901  1.39119  2.56299  4.29336  3.45517  4.35507  3.07563  2.81975  3.12845  3.03826  3.51673  3.67595  4.62786     32 k - - -
          2.68618  4.42225  2.77519  2.73123  3.46354  2.40513  3.72494  3.29354  2.67741  2.69355  4.24690  2.90347  2.73739  3.18146  2.89801  2.37887  2.77519  2.98518  4.58477  3.61503
          0.00559  5.58455  6.30689  0.61958  0.77255  0.48576  0.95510
     27   2.45345  5.67469  1.99764  1.91231  5.02093  3.56061  3.87415  4.35659  1.84888  3.98046  4.71509  2.73399  4.32761  2.65650  3.15695  2.84158  2.34592  4.06597  6.10663  4.69486     33 k - - -
          2.68618  4.42225  2.77519  2.73123  3.46354  2.40513  3.72494  3.29354  2.67741  2.69355  4.24690  2.90347  2.73739  3.18146  2.89801  2.37887  2.77519  2.98518  4.58477  3.61503
          0.00559  5.58455  6.30689  0.61958  0.77255  0.48576  0.95510
     28   1.21013  5.65149  3.21295  2.68576  4.36534  3.93969  4.12812  4.46667  1.78420  3.68952  4.69476  2.39598  4.33334  2.96662  3.29786  2.69796  3.39452  3.76998  6.08966  4.68451     34 a - - -
          2.68618  4.42225  2.77519  2.73123  3.46354  2.40513  3.72494  3.29354  2.67741  2.69355  4.24690  2.90347  2.73739  3.18146  2.89801  2.37887  2.77519  2.98518  4.58477  3.61503
          0.00559  5.58455  6.30689  0.61958  0.77255  0.48576  0.95510
     29   4.29869  5.50832  6.37967  5.84963  2.56614  5.79806  6.28687  0.96586  5.74046  1.67596  3.71621  5.97261  5.95209  5.78216  5.76486  5.19720  4.53396  1.32084  6.45315  5.37871     35 i - - -
          2.68618  4.42225  2.77519  2.73123  3.46354  2.40513  3.72494  3.29354  2.67741  2.69355  4.24690  2.90347  2.73739  3.18146  2.89801  2.37887  2.77519  2.98518  4.58477  3.61503
          0.00559  5.58455  6.30689  0.61958  0.77255  0.48576  0.95510
     30   2.87612  5.59387  2.98039  2.33068  4.07311  3.95003  4.14075  2.92218  1.45641  3.18043  4.25768  3.08823  4.34268  2.93871  2.45612  2.95818  2.96532  3.61907  2.97516  3.98813     36 k - - -
          2.68618  4.42225  2.77519  2.73123  3.46354  2.40513  3.72494  3.29354  2.67741  2.69355  4.24690  2.90347  2.73739  3.18146  2.89801  2.37887  2.77519  2.98518  4.58477  3.61503
          0.00559  5.58455  6.30689  0.61958  0.77255  0.48576  0.95510
     31   2.37332  5.67372  1.71992  2.05432  5.01944  3.93417  4.12162  4.50593  1.67426  3.81228  4.71426  2.56936  4.32799  2.95211  3.24992  2.90092  3.00351  3.80443  6.10596  4.24608     37 k - - -
          2.68618  4.42225  2.77519  2.73123  3.46354  2.40513  3.72494  3.29354  2.67741  2.69355  4.24690  2.90347  2.73739  3.18146  2.89801  2.37887  2.77519  2.98518  4.58477  3.61503
          0.00559  5.58455  6.30689  0.61958  0.77255  0.48576  0.95510
     32   0.97426  5.43219  3.30954  2.91299  4.68765  3.83825  4.19006  3.56567  2.36061  3.25836  4.39735  2.92989  4.38068  3.26450  3.30447  2.83517  3.19016  2.96086  5.92261  4.35514     38 a - - -
          2.68618  4.42225  2.77519  2.73123  3.46354  2.40513  3.72494  3.29354  2.67741  2.69355  4.24690  2.90347  2.73739  3.18146  2.89801  2.37887  2.77519  2.98518  4.58477  3.61503
          0.00559  5.58455  6.30689  0.61958  0.77255  0.48576  0.95510
     33   5.25197  6.84899  5.17402  5.24587  6.62081  5.30572  6.55549  6.92519  5.82813  6.29224  7.40083  0.05124  6.03022  6.04971  6.04209  5.37258  5.74047  6.34585  7.52936  6.62046     39 N - - -
          2.68618  4.42225  2.77519  2.73123  3.46354  2.40513  3.72494  3.29354  2.67741  2.69355  4.24690  2.90347  2.73739  3.18146  2.89801  2.37887  2.77519  2.98518  4.58477  3.61503
          0.00559  5.58455  6.30689  0.61958  0.77255  0.48576  0.95510
     34   2.69707  5.67129  3.26800  2.48273  5.01615  3.37501  4.12192  4.50196  1.59379  3.97647  4.71210  3.04754  1.77333  2.73866  3.22563  2.67569  2.47656  3.78962  6.10409  4.69326     40 k - - -
          2.68618  4.42225  2.77519  2.73123  3.46354  2.40513  3.72494  3.29354  2.67741  2.69355  4.24690  2.90347  2.73739  3.18146  2.89801  2.37887  2.77519  2.98518  4.58477  3.61503
          0.15095  5.58455  1.99248  0.61958  0.77255  0.48576  0.95510
     35   2.76671  5.59168  1.80697  2.54787  4.00805  2.54155  3.78690  4.42211  2.62419  3.55623  4.63244  2.17858  4.24920  2.71968  2.80444  2.26554  2.91170  3.98212  6.02457  4.16657     41 d - - -
          2.68618  4.42225  2.77519  2.73123  3.46354  2.40513  3.72494  3.29354  2.67741  2.69355  4.24690  2.90347  2.73739  3.18146  2.89801  2.37887  2.77519  2.98518  4.58477  3.61503
          0.00647  5.44006  6.16241  0.61958  0.77255  0.65172  0.73637
     36   2.92988  5.35676  3.17336  2.62351  3.80152  3.82645  4.15021  2.51330  2.11946  2.19261  4.42470  2.19873  3.61927  3.10420  3.20941  2.89802  2.64303  2.67090  5.85297  3.83694     42 k - - -
          2.68707  4.42467  2.77354  2.73265  3.46069  2.40521  3.72610  3.29468  2.67488  2.69170  4.24901  2.90297  2.73609  3.18237  2.89988  2.38008  2.77530  2.98562  4.58719  3.61523
          1.12264  0.39661  6.22023  1.65499  0.21207  0.33755  1.25008
     37   2.56620  5.67100  2.13716  2.19147  5.01726  2.74847  3.73308  4.50409  1.90537  3.69481  4.71135  2.61246  3.81858  2.50893  3.25068  2.65285  2.53489  3.68104  6.10296  4.69128     57 k - - -
          2.68618  4.42225  2.77519  2.73123  3.46354  2.40513  3.72494  3.29354  2.67741  2.69355  4.24690  2.90347  2.73739  3.18146  2.89801  2.37887  2.77519  2.98518  4.58477  3.61503
          0.01806  5.58018  4.25981  0.61958  0.77255  0.47237  0.97689
     38   2.49402  5.63379  2.33326  2.61295  3.54794  1.84868  4.12147  2.86790  2.42262  3.74484  4.21785  2.74496  3.25783  2.88341  3.31164  2.52984  3.10430  3.65299  6.07430  4.67128     58 g - - -
          2.68618  4.42225  2.77519  2.73123  3.46354  2.40513  3.72494  3.29354  2.67741  2.69355  4.24690  2.90347  2.73739  3.18146  2.89801  2.37887  2.77519  2.98518  4.58477  3.61503
          0.00566  5.57223  6.29458  0.61958  0.77255  0.54585  0.86596
     39   2.19588  5.61247  2.40156  2.70297  4.93571  3.71652  3.66660  3.53548  2.50132  3.78900  3.14468  2.66603  4.16594  2.90398  3.35966  2.67516  1.73497  3.28247  6.05844  3.38588     59 t - - -
          2.68618  4.42225  2.77519  2.73123  3.46354  2.40513  3.72494  3.29354  2.67741  2.69355  4.24690  2.90347  2.73739  3.18146  2.89801  2.37887  2.77519  2.98518  4.58477  3.61503
          0.00566  5.57223  6.29458  0.61958  0.77255  0.54585  0.86596
     40   2.57126  5.66481  2.32604  2.07872  5.01035  2.39159  3.85613  3.27428  2.11435  3.97029  4.36929  2.67692  3.03664  3.13215  3.12693  2.49606  2.69876  3.79336  6.09722  4.68598     60 e - - -
          2.68509  4.42291  2.77485  2.73122  3.46179  2.40576  3.72561  3.29369  2.67679  2.69421  4.24756  2.90364  2.73777  3.18001  2.89867  2.37953  2.77437  2.98585  4.58543  3.61469
          0.14761  2.04769  4.80403  1.86975  0.16743  0.44994  1.01518
     41   3.14267  4.71043  5.31021  4.70465  3.09782  4.54198  4.88393  1.09679  4.49917  2.77068  3.83121  4.32068  4.89850  4.39869  4.51693  3.85801  3.58221  1.19221  5.37135  3.21831     72 i - - -
          2.68618  4.42225  2.77519  2.73123  3.46354  2.40513  3.72494  3.29354  2.67741  2.69355  4.24690  2.90347  2.73739  3.18146  2.89801  2.37887  2.77519  2.98518  4.58477  3.61503
          0.01364  5.57826  4.62843  0.61958  0.77255  0.51701  0.90709
     42   2.88965  5.66088  2.35156  1.81721  4.58951  3.45219  4.11330  4.22239  2.04941  3.65063  4.70175  3.18853  4.31962  2.70910  3.04029  2.69707  1.91627  3.12943  6.09404  4.07463     73 e - - -
          2.68628  4.42235  2.77529  2.73133  3.46364  2.40523  3.72504  3.29228  2.67751  2.69365  4.24700  2.90311  2.73749  3.18156  2.89811  2.37897  2.77489  2.98528  4.58487  3.61513
          0.04111  3.25907  6.29264  1.15852  0.37681  0.44481  1.02428
     43   3.70797  5.28421  6.16105  5.66209  2.75677  5.57597  6.19687  1.68452  5.56575  3.25389  4.46653  5.74974  5.84291  5.78603  5.67563  4.97375  3.39650  0.51587  6.58446  5.36563     78 V - - -
          2.68618  4.42225  2.77519  2.73123  3.46354  2.40513  3.72494  3.29354  2.67741  2.69355  4.24690  2.90347  2.73739  3.18146  2.89801  2.37887  2.77519  2.98518  4.58477  3.61503
          0.01062  5.58455  4.99013  0.61958  0.77255  0.48576  0.95510
     44   2.36496  5.67832  1.67337  2.29212  5.02379  2.45500  4.12438  4.51060  2.45746  3.73178  4.71915  2.11218  4.32998  3.08720  3.20993  2.47231  3.14915  4.06923  6.11050  4.69837     79 d - - -
          2.68620  4.42227  2.77522  2.73126  3.46356  2.40515  3.72497  3.29356  2.67743  2.69357  4.24692  2.90349  2.73742  3.18149  2.89803  2.37889  2.77501  2.98521  4.58479  3.61457
          0.02346  3.84657  6.30190  0.65373  0.73419  0.47051  0.97999
     45   2.63351  5.67547  1.48888  2.19286  5.02141  3.43010  4.12232  4.50816  2.09420  3.72127  4.71598  2.28047  3.83775  3.02689  3.22352  2.48598  3.32363  3.80261  6.10755  4.69580     82 d - - -
          2.68618  4.42225  2.77519  2.73123  3.46354  2.40513  3.72494  3.29354  2.67741  2.69355  4.24690  2.90347  2.73739  3.18146  2.89801  2.37887  2.77519  2.98518  4.58477  3.61503
          0.00559  5.58455  6.30689  0.61958  0.77255  0.48576  0.95510
     46   3.24360  5.76613  1.19256  2.70418  5.10810  3.78845  3.91874  4.59803  2.23386  4.06993  4.81044  1.83764  4.38859  2.87180  3.44460  2.74700  3.14325  4.15565  6.19741  4.47191     83 d - - -
          2.68620  4.42227  2.77521  2.73125  3.46337  2.40514  3.72496  3.29356  2.67743  2.69357  4.24691  2.90338  2.73741  3.18148  2.89802  2.37880  2.77521  2.98520  4.58479  3.61505
          0.03210  3.51425  6.30689  0.32413  1.28430  0.48576  0.95510
     47   3.04837  5.58903  4.08059  3.60640  5.62807  0.29799  5.27876  5.01188  3.79474  4.05710  5.54470  4.31082  4.95002  4.52596  4.46901  3.74239  4.06772  4.17465  6.91605  5.67136     85 G - - -
          2.68618  4.42225  2.77519  2.73123  3.46354  2.40513  3.72494  3.29354  2.67741  2.69355  4.24690  2.90347  2.73739  3.18146  2.89801  2.37887  2.77519  2.98518  4.58477  3.61503
          0.00559  5.58455  6.30689  0.61958  0.77255  0.48576  0.95510
     48   2.91795  5.66999  2.38482  2.63411  5.01469  3.69141  3.91766  4.50040  2.50823  3.77322  4.26902  1.91311  4.32755  3.01906  2.99671  1.93863  1.83305  3.78022  6.10289  4.69216     86 t - - -
          2.68619  4.42226  2.77520  2.73124  3.46355  2.40514  3.72495  3.29355  2.67726  2.69356  4.24691  2.90348  2.73741  3.18147  2.89802  2.37888  2.77520  2.98519  4.58478  3.61504
          0.02665  3.97567  4.88838  0.40544  1.09867  0.48576  0.95510
     49   1.36509  4.39670  5.11554  4.51921  3.81968  4.44862  4.81120  2.61052  4.34236  2.51557  3.83157  4.57545  3.81407  4.50653  4.41064  3.64320  2.31976  1.25675  5.35702  4.17597     88 v - - -
          2.68618  4.42225  2.77519  2.73123  3.46354  2.40513  3.72494  3.29354  2.67741  2.69355  4.24690  2.90347  2.73739  3.18146  2.89801  2.37887  2.77519  2.98518  4.58477  3.61503
          0.00563  5.57882  6.30117  0.61958  0.77255  0.51424  0.91119
     50   3.13351  5.23299  3.59801  2.91930  4.43339  4.04729  4.26231  3.13654  2.44395  3.25027  3.98526  3.18589  3.44745  3.45027  3.40279  3.01250  1.04335  2.52315  5.76341  4.15162     89 t - - -
          2.68618  4.42225  2.77519  2.73123  3.46354  2.40513  3.72494  3.29354  2.67741  2.69355  4.24690  2.90347  2.73739  3.18146  2.89801  2.37887  2.77519  2.98518  4.58477  3.61503
          0.00563  5.57882  6.30117  0.61958  0.77255  0.46836  0.98358
     51   3.84380  5.41998  6.37091  5.89541  3.48590  5.85851  6.54939  0.87989  5.83510  2.18067  4.44450  6.02865  6.05415  6.03572  5.95723  5.28748  4.48529  1.01737  6.81012  5.62371     90 i - - -
          2.68619  4.42226  2.77521  2.73124  3.46355  2.40514  3.72496  3.29321  2.67742  2.69356  4.24691  2.90348  2.73741  3.18147  2.89802  2.37888  2.77521  2.98519  4.58478  3.61504
          0.03851  3.87089  4.07830  0.38710  1.13638  0.48576  0.95510
     52   3.15705  5.53780  3.10453  2.76602  4.83251  3.95247  3.62165  2.82804  2.37997  3.71868  4.05574  3.18557  3.98150  3.15035  3.12791  2.72004  1.07980  3.54666  6.00184  4.19411     92 t - - -
          2.68598  4.42228  2.77523  2.73126  3.46357  2.40516  3.72497  3.29357  2.67744  2.69358  4.24693  2.90350  2.73743  3.18149  2.89804  2.37890  2.77523  2.98490  4.58480  3.61506
          0.05612  3.67564  3.53217  0.65725  0.73038  0.49720  0.93709
     53   3.12310  4.65540  4.61879  4.24268  1.69393  3.72588  4.65152  3.09751  3.95839  2.67154  3.41344  3.60476  4.71100  4.28951  4.22397  2.85191  3.26999  2.90677  3.84354  1.19693     95 y - - -
          2.68618  4.42225  2.77519  2.73123  3.46354  2.40513  3.72494  3.29354  2.67741  2.69355  4.24690  2.90347  2.73739  3.18146  2.89801  2.37887  2.77519  2.98518  4.58477  3.61503
          0.00579  5.54967  6.27201  0.61958  0.77255  0.53526  0.88072
     54   2.47910  5.66054  2.89469  2.53603  5.00612  3.32405  3.88768  3.70979  1.74186  3.96603  4.70107  2.88107  1.89188  2.61693  3.00676  2.52869  3.18880  3.67105  6.09292  4.68166     96 k - - -
          2.68610  4.42235  2.77512  2.73133  3.46364  2.40509  3.72487  3.29364  2.67751  2.69346  4.24699  2.90322  2.73749  3.18156  2.89802  2.37885  2.77525  2.98507  4.58487  3.61513
          0.08251  2.55955  6.28661  0.62041  0.77159  0.42969  1.05186
     55   3.74513  6.76571  0.37087  2.90688  6.04134  3.55158  4.83541  5.59970  3.56386  5.04385  5.89232  3.12134  4.90968  3.60154  4.18997  3.68781  3.86376  5.13046  7.18735  5.62392    100 D - - -
          2.68618  4.42225  2.77519  2.73123  3.46354  2.40513  3.72494  3.29354  2.67741  2.69355  4.24690  2.90347  2.73739  3.18146  2.89801  2.37887  2.77519  2.98518  4.58477  3.61503
          0.00559  5.58455  6.30689  0.61958  0.77255  0.48576  0.95510
     56   3.08925  4.73642  2.46073  2.73026  4.95943  1.19559  3.84124  4.17932  2.54153  3.92934  4.12699  2.56030  4.33507  3.00710  3.32240  2.84918  3.19663  3.16842  6.07425  4.18505    101 g - - -
          2.68639  4.42255  2.77481  2.73112  3.46384  2.40510  3.72525  3.29372  2.67732  2.69385  4.24720  2.90330  2.73694  3.18138  2.89809  2.37894  2.77512  2.98535  4.58507  3.61485
          0.14751  2.19474  3.65887  1.25053  0.33737  0.48576  0.95510
     57   2.88898  5.58116  3.36572  2.47952  4.89497  3.49598  4.12870  4.16338  2.35116  3.74831  4.30637  3.41902  4.33050  3.23651  3.25126  1.05768  2.19345  3.65828  6.03419  4.64371    107 s - - -
          2.68618  4.42225  2.77519  2.73123  3.46354  2.40513  3.72494  3.29354  2.67741  2.69355  4.24690  2.90347  2.73739  3.18146  2.89801  2.37887  2.77519  2.98518  4.58477  3.61503
          0.00573  5.56032  6.28267  0.61958  0.77255  0.57149  0.83168
     58   3.03510  5.61011  3.35959  2.62983  4.93429  3.58150  3.75312  3.28617  1.64637  3.51917  4.40181  3.12280  3.34740  2.51069  3.18968  2.68807  1.91134  2.56669  6.05550  4.24781    108 k - - -
          2.68618  4.42225  2.77519  2.73123  3.46354  2.40513  3.72494  3.29354  2.67741  2.69355  4.24690  2.90347  2.73739  3.18146  2.89801  2.37887  2.77519  2.98518  4.58477  3.61503
          0.00571  5.56393  6.28627  0.61958  0.77255  0.47330  0.97536
     59   2.56227  5.65764  1.60623  2.69334  4.99853  3.16664  3.67804  3.97392  2.22362  3.15191  4.69939  2.69587  3.79006  3.21741  3.13662  2.80409  2.16117  3.48775  6.09283  4.14246    109 d - - -
          2.68618  4.42225  2.77519  2.73123  3.46354  2.40513  3.72494  3.29354  2.67741  2.69355  4.24690  2.90347  2.73739  3.18146  2.89801  2.37887  2.77519  2.98518  4.58477  3.61503
          0.01194  5.57836  4.81662  0.61958  0.77255  0.51651  0.90783
     60   3.02204  5.46327  3.18409  2.29405  4.15001  3.86003  4.06310  3.36733  2.22569  3.51828  3.86891  3.32707  4.17923  3.01854  3.16600  2.81839  1.41080  2.82829  3.34463  4.04768    110 t - - -
          2.68626  4.42233  2.77476  2.73131  3.46362  2.40520  3.72502  3.29349  2.67748  2.69354  4.24697  2.90354  2.73739  3.18154  2.89808  2.37894  2.77477  2.98526  4.58485  3.61511
          0.16007  2.19358  3.31320  0.13209  2.08961  0.49668  0.93789
     61   3.23532  4.61515  4.51809  4.54024  3.15640  4.40409  4.73780  0.88222  4.33762  2.02402  3.28167  3.59168  4.76693  4.47926  4.36478  3.22314  3.31302  2.20497  5.24555  4.06810    112 i - - -
          2.68618  4.42225  2.77519  2.73123  3.46354  2.40513  3.72494  3.29354  2.67741  2.69355  4.24690  2.90347  2.73739  3.18146  2.89801  2.37887  2.77519  2.98518  4.58477  3.61503
          0.00583  5.54342  6.26576  0.61958  0.77255  0.42396  1.06262
     62   2.71473  5.66463  2.34340  2.37617  5.00847  3.60231  4.11823  3.96266  2.34376  3.65129  4.70562  3.07564  1.73379  3.03724  3.28103  1.98264  2.82675  3.70858  6.09804  4.68781    113 p - - -
          2.68618  4.42225  2.77519  2.73123  3.46354  2.40513  3.72494  3.29354  2.67741  2.69355  4.24690  2.90347  2.73739  3.18146  2.89801  2.37887  2.77519  2.98518  4.58477  3.61503
          0.00563  5.57836  6.30070  0.61958  0.77255  0.51651  0.90783
     63   1.77773  5.51403  3.48196  2.86106  4.79827  1.71134  4.15921  3.98398  2.33944  2.77602  4.57124  3.28656  2.99446  2.89948  3.19178  2.60409  3.25972  3.39784  5.33826  4.36871    114 g - - -
          2.68618  4.42225  2.77519  2.73123  3.46354  2.40513  3.72494  3.29354  2.67741  2.69355  4.24690  2.90347  2.73739  3.18146  2.89801  2.37887  2.77519  2.98518  4.58477  3.61503
          0.01054  5.57836  5.00515  0.61958  0.77255  0.51651  0.90783
     64   2.78368  5.66530  2.35820  1.95108  5.01075  3.71727  3.86100  4.35080  2.33477  3.97075  4.70586  2.28610  3.91029  3.05936  3.07807  2.03644  2.26659  3.46798  4.11644  4.41713    115 e - - -
          2.68618  4.42225  2.77519  2.73123  3.46354  2.40513  3.72494  3.29354  2.67741  2.69355  4.24690  2.90347  2.73739  3.18146  2.89801  2.37887  2.77519  2.98518  4.58477  3.61503
          0.01206  5.57348  4.80527  0.61958  0.77255  0.47367  0.97475
     65   3.01191  5.66527  1.94884  2.44239  4.08466  3.92880  4.11587  4.21691  1.98861  3.03870  4.70597  2.39169  3.28872  2.31304  2.76313  2.63099  3.17509  3.42082  6.09804  4.07403    116 d - - -
          2.68618  4.42225  2.77519  2.73123  3.46354  2.40513  3.72494  3.29354  2.67741  2.69355  4.24690  2.90347  2.73739  3.18146  2.89801  2.37887  2.77519  2.98518  4.58477  3.61503
          0.00565  5.57556  6.29791  0.61958  0.77255  0.50828  0.92012
     66   3.23771  4.61794  4.63767  4.55219  3.08810  4.40330  4.73503  2.42669  4.09596  1.05173  3.29284  4.01853  4.76720  4.36711  4.36628  3.71306  2.04089  1.97714  5.23944  3.78812    117 l - - -
          2.68618  4.42225  2.77519  2.73123  3.46354  2.40513  3.72494  3.29354  2.67741  2.69355  4.24690  2.90347  2.73739  3.18146  2.89801  2.37887  2.77519  2.98518  4.58477  3.61503
          0.00563  5.57826  6.30060  0.61958  0.77255  0.46671  0.98634
     67   3.25209  4.62670  5.20866  4.59470  3.30515  4.26871  4.75775  2.08145  4.38213  2.31676  3.37341  4.58292  4.04542  4.51536  4.39378  3.57973  2.54586  0.89023  5.25329  3.39762    118 v - - -
          2.68618  4.42225  2.77519  2.73123  3.46354  2.40513  3.72494  3.29354  2.67741  2.69355  4.24690  2.90347  2.73739  3.18146  2.89801  2.37887  2.77519  2.98518  4.58477  3.61503
          0.00559  5.58455  6.30689  0.61958  0.77255  0.48576  0.95510
     68   2.51241  4.83321  3.29893  2.26413  3.89367  3.39095  4.13904  3.80557  1.64755  3.58069  4.15605  3.19103  4.34136  2.47807  2.91355  2.82597  2.59867  2.67291  6.05096  3.11274    119 k - - -
          2.68618  4.42225  2.77519  2.73123  3.46354  2.40513  3.72494  3.29354  2.67741  2.69355  4.24690  2.90347  2.73739  3.18146  2.89801  2.37887  2.77519  2.98518  4.58477  3.61503
          0.00559  5.58455  6.30689  0.61958  0.77255  0.48576  0.95510
     69   2.77602  5.67246  2.87221  1.96748  4.79228  3.59612  3.99059  4.50486  1.73059  3.89760  4.71291  3.05710  4.18587  1.92085  2.40676  2.94732  3.12087  3.12036  6.10466  3.71390    120 k - - -
          2.68618  4.42225  2.77519  2.73123  3.46354  2.40513  3.72494  3.29354  2.67741  2.69355  4.24690  2.90347  2.73739  3.18146  2.89801  2.37887  2.77519  2.98518  4.58477  3.61503
          0.00559  5.58455  6.30689  0.61958  0.77255  0.48576  0.95510
     70   2.59183  5.65488  2.98329  2.43609  4.35737  3.02469  4.12474  3.46252  1.81614  3.06241  4.42642  2.53475  3.84455  3.04210  2.82981  2.44422  2.92972  3.70262  6.09170  2.54290    121 k - - -
          2.68618  4.42225  2.77519  2.73123  3.46354  2.40513  3.72494  3.29354  2.67741  2.69355  4.24690  2.90347  2.73739  3.18146  2.89801  2.37887  2.77519  2.98518  4.58477  3.61503
          0.00377  5.58272        *  0.61958  0.77255  0.00000        *
//
