HMMER3/f [3.1b2 | February 2015]
NAME  SEED
LENG  95
ALPH  amino
RF    no
MM    no
CONS  yes
CS    no
MAP   yes
DATE  Tue Feb 19 14:18:20 2019
NSEQ  79
EFFN  2.454285
CKSUM 4053593581
STATS LOCAL MSV       -9.1825  0.71837
STATS LOCAL VITERBI  -10.5544  0.71837
STATS LOCAL FORWARD   -3.4049  0.71837
HMM          A        C        D        E        F        G        H        I        K        L        M        N        P        Q        R        S        T        V        W        Y   
            m->m     m->i     m->d     i->m     i->i     d->m     d->d
  COMPO   2.49335  4.94150  2.73312  2.55704  3.66270  2.78909  3.84228  3.17561  2.56803  3.04077  4.09459  3.04829  2.88829  3.03354  3.16249  2.66660  2.47575  2.44141  5.03711  3.33886
          2.68618  4.42225  2.77519  2.73123  3.46354  2.40513  3.72494  3.29354  2.67741  2.69355  4.24690  2.90347  2.73739  3.18146  2.89801  2.37887  2.77519  2.98518  4.58477  3.61503
          0.01263  4.77345  5.49580  0.61958  0.77255  0.00000        *
      1   0.94823  4.88159  3.42206  2.95635  4.45421  3.57724  4.12026  3.86220  2.41913  3.48787  4.31036  3.06876  4.11521  3.30017  3.33203  2.67873  2.86552  3.36896  5.73078  4.43746      1 a - - -
          2.68618  4.42225  2.77519  2.73123  3.46354  2.40513  3.72494  3.29354  2.67741  2.69355  4.24690  2.90347  2.73739  3.18146  2.89801  2.37887  2.77519  2.98518  4.58477  3.61503
          0.01263  4.77345  5.49580  0.61958  0.77255  0.48576  0.95510
      2   2.54528  5.33487  1.82469  1.85476  4.67446  3.38994  3.61350  4.16070  2.45835  3.63781  4.37892  2.55650  3.97775  2.67812  2.97351  2.71850  2.75531  3.60108  5.76884  4.35431      2 d - - -
          2.68618  4.42225  2.77519  2.73123  3.46354  2.40513  3.72494  3.29354  2.67741  2.69355  4.24690  2.90347  2.73739  3.18146  2.89801  2.37887  2.77519  2.98518  4.58477  3.61503
          0.01263  4.77345  5.49580  0.61958  0.77255  0.48576  0.95510
      3   2.54842  5.22102  2.71969  2.18584  4.26409  3.57458  3.69167  3.41021  1.90711  2.82990  4.27007  2.78414  3.96734  2.83609  3.00037  2.46512  2.35991  3.48232  5.67291  4.28168      3 k - - -
          2.68618  4.42225  2.77519  2.73123  3.46354  2.40513  3.72494  3.29354  2.67741  2.69355  4.24690  2.90347  2.73739  3.18146  2.89801  2.37887  2.77519  2.98518  4.58477  3.61503
          0.01263  4.77345  5.49580  0.61958  0.77255  0.48576  0.95510
      4   2.86127  4.81925  3.40879  2.75761  3.32321  3.73752  2.47159  3.39165  2.84421  3.04187  3.91162  2.32513  4.12568  3.18022  3.26275  2.96627  2.92265  3.02938  5.16975  1.70805      4 y - - -
          2.68618  4.42225  2.77519  2.73123  3.46354  2.40513  3.72494  3.29354  2.67741  2.69355  4.24690  2.90347  2.73739  3.18146  2.89801  2.37887  2.77519  2.98518  4.58477  3.61503
          0.01263  4.77345  5.49580  0.61958  0.77255  0.48576  0.95510
      5   2.40715  5.28857  2.67607  2.05456  4.62744  3.38719  3.60172  4.10939  2.47038  3.59120  4.33112  2.53737  3.95942  2.15480  2.88010  2.66365  2.28504  3.29471  5.72481  4.31703      5 e - - -
          2.68618  4.42225  2.77519  2.73123  3.46354  2.40513  3.72494  3.29354  2.67741  2.69355  4.24690  2.90347  2.73739  3.18146  2.89801  2.37887  2.77519  2.98518  4.58477  3.61503
          0.01263  4.77345  5.49580  0.61958  0.77255  0.48576  0.95510
      6   2.56143  4.68915  4.23550  4.04442  4.82371  3.51101  5.00693  4.00931  4.03067  3.83507  4.80608  4.03695  0.54024  4.34373  4.24651  3.00499  3.31791  2.99827  6.27053  5.07624      6 P - - -
          2.68618  4.42225  2.77519  2.73123  3.46354  2.40513  3.72494  3.29354  2.67741  2.69355  4.24690  2.90347  2.73739  3.18146  2.89801  2.37887  2.77519  2.98518  4.58477  3.61503
          0.01263  4.77345  5.49580  0.61958  0.77255  0.48576  0.95510
      7   2.27641  5.12124  3.01741  2.29812  4.09409  2.56387  3.78935  3.56408  2.38704  3.39766  4.18043  3.01986  3.98498  2.91325  2.71952  2.17238  2.78337  2.58836  5.59645  4.23002      7 s - - -
          2.68618  4.42225  2.77519  2.73123  3.46354  2.40513  3.72494  3.29354  2.67741  2.69355  4.24690  2.90347  2.73739  3.18146  2.89801  2.37887  2.77519  2.98518  4.58477  3.61503
          0.01263  4.77345  5.49580  0.61958  0.77255  0.48576  0.95510
      8   4.35199  5.51758  5.31755  5.04975  2.41682  5.02480  3.97085  4.08346  4.75906  3.10259  4.65035  4.66715  5.32574  4.74196  4.74676  4.40587  4.06168  3.99524  3.53691  0.40251      8 Y - - -
          2.68619  4.42226  2.77521  2.73120  3.46355  2.40510  3.72496  3.29355  2.67742  2.69356  4.24691  2.90348  2.73728  3.18148  2.89802  2.37888  2.77521  2.98520  4.58478  3.61504
          0.05831  2.94629  5.49580  0.36707  1.18012  0.48576  0.95510
      9   2.14539  5.30018  2.63730  2.07518  4.64102  3.09636  3.75772  4.12488  2.14797  3.60379  4.34274  2.79951  2.80479  2.76212  2.99045  2.51291  2.62671  3.68871  5.73527  4.32532     10 e - - -
          2.68618  4.42225  2.77519  2.73123  3.46354  2.40513  3.72494  3.29354  2.67741  2.69355  4.24690  2.90347  2.73739  3.18146  2.89801  2.37887  2.77519  2.98518  4.58477  3.61503
          0.01263  4.77345  5.49580  0.61958  0.77255  0.48576  0.95510
     10   2.54619  5.31026  1.99464  1.96697  4.65000  3.22048  3.64809  4.13423  2.42090  3.61335  4.35342  2.87248  2.68921  2.73754  3.00237  2.57239  2.82148  3.52521  5.74535  4.33421     11 e - - -
          2.68618  4.42225  2.77519  2.73123  3.46354  2.40513  3.72494  3.29354  2.67741  2.69355  4.24690  2.90347  2.73739  3.18146  2.89801  2.37887  2.77519  2.98518  4.58477  3.61503
          0.01263  4.77345  5.49580  0.61958  0.77255  0.48576  0.95510
     11   2.30229  4.87557  3.27183  2.50168  4.08346  3.06718  3.86360  3.13593  2.48707  2.92335  3.95571  3.21590  3.87659  2.56528  3.03637  2.86161  2.33693  2.05740  5.40050  4.09209     12 v - - -
          2.68618  4.42225  2.77519  2.73123  3.46354  2.40513  3.72494  3.29354  2.67741  2.69355  4.24690  2.90347  2.73739  3.18146  2.89801  2.37887  2.77519  2.98518  4.58477  3.61503
          0.01263  4.77345  5.49580  0.61958  0.77255  0.48576  0.95510
     12   2.41747  5.25791  2.80499  2.07538  4.58606  3.56820  3.57043  3.82625  2.38041  3.55595  4.30307  2.82474  3.70867  2.64290  2.98881  1.97628  2.44468  3.27822  5.70083  3.68932     13 s - - -
          2.68618  4.42225  2.77519  2.73123  3.46354  2.40513  3.72494  3.29354  2.67741  2.69355  4.24690  2.90347  2.73739  3.18146  2.89801  2.37887  2.77519  2.98518  4.58477  3.61503
          0.01263  4.77345  5.49580  0.61958  0.77255  0.48576  0.95510
     13   2.56828  4.43924  4.17915  3.63278  3.69090  2.03542  4.35839  2.69723  3.54811  2.55822  3.66392  3.88128  4.31441  3.81046  3.80363  3.17299  2.32059  1.34783  5.20328  3.99920     14 v - - -
          2.68618  4.42225  2.77519  2.73123  3.46354  2.40513  3.72494  3.29354  2.67741  2.69355  4.24690  2.90347  2.73739  3.18146  2.89801  2.37887  2.77519  2.98518  4.58477  3.61503
          0.01263  4.77345  5.49580  0.61958  0.77255  0.48576  0.95510
     14   2.79793  5.28599  3.05233  2.16511  4.62473  3.57205  3.75712  4.10326  1.80852  3.47592  4.32924  2.81141  3.16902  2.51787  2.73547  2.61501  2.11274  3.57925  5.72076  4.31792     15 k - - -
          2.68618  4.42225  2.77519  2.73123  3.46354  2.40513  3.72494  3.29354  2.67741  2.69355  4.24690  2.90347  2.73739  3.18146  2.89801  2.37887  2.77519  2.98518  4.58477  3.61503
          0.01263  4.77345  5.49580  0.61958  0.77255  0.48576  0.95510
     15   2.19556  5.09477  3.13793  2.51171  4.36426  3.60364  3.79941  3.23936  2.47076  3.36649  4.15709  3.00502  2.26844  2.34967  2.48534  2.73925  3.02554  2.83894  5.57529  4.21782     16 a - - -
          2.68604  4.42227  2.77522  2.73120  3.46356  2.40515  3.72497  3.29356  2.67743  2.69357  4.24692  2.90349  2.73742  3.18130  2.89803  2.37889  2.77522  2.98520  4.58479  3.61505
          0.06075  3.16294  4.09598  0.65099  0.73716  0.48576  0.95510
     16   3.25103  5.47802  2.55125  2.79586  5.25933  0.58800  4.45506  4.81775  3.53491  4.37076  5.24053  3.17623  4.32679  3.42484  4.06938  3.24937  3.65804  4.29214  6.50882  5.07360     19 G - - -
          2.68644  4.42251  2.77546  2.73082  3.46380  2.40515  3.72521  3.29321  2.67767  2.69349  4.24716  2.90333  2.73698  3.18173  2.89827  2.37913  2.77475  2.98501  4.58503  3.61447
          0.08402  2.57134  5.48318  2.05563  0.13698  0.51356  0.91221
     17   2.35173  5.28708  2.77479  1.82956  4.62767  3.37183  3.74866  4.11058  2.03550  3.59036  4.32920  2.94800  3.95414  2.40616  2.88273  2.60820  2.53306  3.38261  5.72228  4.31380     32 e - - -
          2.68618  4.42225  2.77519  2.73123  3.46354  2.40513  3.72494  3.29354  2.67741  2.69355  4.24690  2.90347  2.73739  3.18146  2.89801  2.37887  2.77519  2.98518  4.58477  3.61503
          0.01280  4.76084  5.48318  0.61958  0.77255  0.46877  0.98289
     18   2.53231  5.28210  2.56680  2.08276  4.61978  2.94507  3.75297  4.10065  2.36892  3.26662  4.32482  2.91617  3.24879  2.76837  2.81380  2.33478  2.21444  3.56737  5.71923  4.31262     33 e - - -
          2.68618  4.42225  2.77519  2.73123  3.46354  2.40513  3.72494  3.29354  2.67741  2.69355  4.24690  2.90347  2.73739  3.18146  2.89801  2.37887  2.77519  2.98518  4.58477  3.61503
          0.01263  4.77345  5.49580  0.61958  0.77255  0.48576  0.95510
     19   2.24358  4.67331  3.46022  2.76321  3.71581  3.21502  3.94615  3.09000  2.49368  2.74215  3.76804  3.26386  4.09733  3.19601  3.18104  2.79142  2.18085  1.86589  5.23308  3.96796     34 v - - -
          2.68618  4.42225  2.77519  2.73123  3.46354  2.40513  3.72494  3.29354  2.67741  2.69355  4.24690  2.90347  2.73739  3.18146  2.89801  2.37887  2.77519  2.98518  4.58477  3.61503
          0.01263  4.77345  5.49580  0.61958  0.77255  0.48576  0.95510
     20   2.66098  5.05359  3.15371  2.18492  4.05154  3.53585  3.80751  3.56718  2.31795  3.23529  4.11888  3.06504  3.99853  2.77492  2.90261  2.52277  1.83686  2.60384  5.54325  4.02786     35 t - - -
          2.68618  4.42225  2.77519  2.73123  3.46354  2.40513  3.72494  3.29354  2.67741  2.69355  4.24690  2.90347  2.73739  3.18146  2.89801  2.37887  2.77519  2.98518  4.58477  3.61503
          0.03197  4.77345  3.77166  0.61958  0.77255  0.48576  0.95510
     21   2.41866  4.27127  4.14042  3.70181  3.13983  3.90785  4.21892  2.00150  3.57937  2.38516  3.38972  3.90051  3.39119  3.79645  3.75357  2.79045  2.31239  1.62410  4.89229  3.70100     36 v - - -
          2.68618  4.42225  2.77519  2.73123  3.46354  2.40513  3.72494  3.29354  2.67741  2.69355  4.24690  2.90347  2.73739  3.18146  2.89801  2.37887  2.77519  2.98518  4.58477  3.61503
          0.01288  4.75436  5.47671  0.61958  0.77255  0.52740  0.89194
     22   2.39547  5.24549  2.55946  2.27691  4.17208  3.35383  3.68659  4.04376  2.00068  3.54255  4.29150  3.03788  2.35729  2.85535  2.89799  2.63033  2.72864  3.14400  5.69004  4.29103     37 k - - -
          2.68618  4.42225  2.77519  2.73123  3.46354  2.40513  3.72494  3.29354  2.67741  2.69355  4.24690  2.90347  2.73739  3.18146  2.89801  2.37887  2.77519  2.98518  4.58477  3.61503
          0.08087  4.75436  2.67253  0.61958  0.77255  0.52740  0.89194
     23   1.88840  5.12140  2.95303  2.47050  4.41041  3.55689  3.75223  3.85818  2.41941  2.93411  4.17834  2.87739  3.24427  2.42354  2.99493  2.40102  2.49670  3.27337  5.59032  4.21654     38 a - - -
          2.68618  4.42225  2.77519  2.73123  3.46354  2.40513  3.72494  3.29354  2.67741  2.69355  4.24690  2.90347  2.73739  3.18146  2.89801  2.37887  2.77519  2.98518  4.58477  3.61503
          0.01378  4.68726  5.40961  0.61958  0.77255  0.65605  0.73167
     24   2.75787  5.18024  2.93311  2.42746  4.48707  2.78210  3.77418  3.94255  2.41700  3.47489  4.24664  2.85039  1.79632  2.80702  3.02514  2.63207  2.46394  3.43394  5.65178  4.26832     39 p - - -
          2.68618  4.42225  2.77519  2.73123  3.46354  2.40513  3.72494  3.29354  2.67741  2.69355  4.24690  2.90347  2.73739  3.18146  2.89801  2.37887  2.77519  2.98518  4.58477  3.61503
          0.01378  4.68726  5.40961  0.61958  0.77255  0.65605  0.73167
     25   2.24499  5.05006  3.04667  2.43884  3.73449  3.00219  3.76847  3.54548  2.21800  3.08426  4.11276  2.70013  3.96137  2.72296  2.86072  2.50875  2.37327  3.11035  4.80387  3.91431     40 k - - -
          2.68618  4.42225  2.77519  2.73123  3.46354  2.40513  3.72494  3.29354  2.67741  2.69355  4.24690  2.90347  2.73739  3.18146  2.89801  2.37887  2.77519  2.98518  4.58477  3.61503
          0.01378  4.68726  5.40961  0.61958  0.77255  0.65605  0.73167
     26   2.29504  4.99428  2.51673  2.52565  2.46751  3.32211  3.78391  3.66506  2.43097  3.25709  4.06199  2.51895  3.97257  2.86269  2.92647  2.71625  2.74497  3.20490  4.46218  3.63749     41 a - - -
          2.68611  4.42255  2.77424  2.73136  3.46374  2.40518  3.72524  3.29372  2.67757  2.69378  4.24695  2.90351  2.73719  3.18123  2.89816  2.37897  2.77486  2.98548  4.58507  3.61518
          1.20363  0.90683  1.21707  0.88948  0.52911  0.65605  0.73167
     27   2.35504  5.04396  2.67796  2.25817  4.34195  2.64175  3.64058  3.79594  2.36457  3.18293  4.09829  2.82024  3.64886  2.61874  2.88185  2.30602  2.68972  3.40924  4.69910  4.12581     46 e - - -
          2.68618  4.42225  2.77519  2.73123  3.46354  2.40513  3.72494  3.29354  2.67741  2.69355  4.24690  2.90347  2.73739  3.18146  2.89801  2.37887  2.77519  2.98518  4.58477  3.61503
          0.01951  4.34249  5.06483  0.61958  0.77255  0.77193  0.62012
     28   2.24507  5.15996  2.55576  2.28735  4.48597  3.47298  3.66463  3.95837  2.17273  3.28008  4.20646  2.94813  3.86818  2.41548  2.76519  2.36866  2.41970  3.54048  5.60393  4.20505     47 k - - -
          2.68618  4.42225  2.77519  2.73123  3.46354  2.40513  3.72494  3.29354  2.67741  2.69355  4.24690  2.90347  2.73739  3.18146  2.89801  2.37887  2.77519  2.98518  4.58477  3.61503
          0.03433  4.47717  3.79970  0.61958  0.77255  0.85291  0.55543
     29   2.17703  5.11143  2.56980  2.31300  4.42227  2.71865  3.68578  3.88172  2.33725  3.32442  4.16970  2.97166  3.24771  2.79766  2.92781  2.52658  2.34492  3.37926  5.57475  4.18823     48 a - - -
          2.68588  4.42236  2.77519  2.73124  3.46364  2.40504  3.72505  3.29348  2.67734  2.69365  4.24700  2.90346  2.73746  3.18123  2.89811  2.37897  2.77525  2.98520  4.58487  3.61514
          0.90924  0.81759  1.85998  0.10310  2.32316  0.79578  0.60007
     30   2.50372  5.12140  2.36894  2.18853  4.05346  2.77960  3.64309  3.91055  2.21730  3.41633  4.17005  2.58126  3.67507  2.74891  2.88086  2.61261  2.65926  3.21600  5.56996  4.17348     50 e - - -
          2.68618  4.42225  2.77519  2.73123  3.46354  2.40513  3.72494  3.29354  2.67741  2.69355  4.24690  2.90347  2.73739  3.18146  2.89801  2.37887  2.77519  2.98518  4.58477  3.61503
          0.01865  4.38728  5.10963  0.61958  0.77255  0.89809  0.52314
     31   2.46827  5.13297  2.48620  2.33302  4.45154  3.08257  3.65948  3.91955  2.28781  3.23744  4.18195  2.73661  3.16569  2.59196  2.89665  2.66138  2.19530  3.41628  5.58231  4.18703     51 t - - -
          2.68618  4.42225  2.77519  2.73123  3.46354  2.40513  3.72494  3.29354  2.67741  2.69355  4.24690  2.90347  2.73739  3.18146  2.89801  2.37887  2.77519  2.98518  4.58477  3.61503
          0.04685  4.44172  3.38148  0.61958  0.77255  0.80883  0.58947
     32   2.55564  5.17054  2.44202  2.18948  4.50088  3.47252  3.66252  3.97631  2.13136  3.32423  4.21552  2.88858  3.13461  2.69839  2.62739  2.66504  2.29383  3.38175  5.61178  4.21017     52 k - - -
          2.68618  4.42225  2.77519  2.73123  3.46354  2.40513  3.72494  3.29354  2.67741  2.69355  4.24690  2.90347  2.73739  3.18146  2.89801  2.37887  2.77519  2.98518  4.58477  3.61503
          0.08015  4.48253  2.72238  0.61958  0.77255  0.66692  0.72008
     33   2.30728  5.20108  2.55806  2.25734  4.53542  3.35067  3.67841  4.01446  2.26322  3.50179  4.24523  2.52944  2.94065  2.63594  2.80636  2.64677  2.38474  3.51858  5.64003  4.23455     53 e - - -
          2.68618  4.42225  2.77519  2.73123  3.46354  2.40513  3.72494  3.29354  2.67741  2.69355  4.24690  2.90347  2.73739  3.18146  2.89801  2.37887  2.77519  2.98518  4.58477  3.61503
          0.01609  4.53363  5.25598  0.61958  0.77255  0.31806  1.30035
     34   2.12766  4.26074  4.31043  3.53933  3.14059  3.90813  4.21459  2.47738  3.34202  1.50182  2.97774  3.90871  3.52203  3.63657  3.75702  3.19690  2.81557  2.11678  4.87395  3.68426     54 l - - -
          2.68618  4.42225  2.77519  2.73123  3.46354  2.40513  3.72494  3.29354  2.67741  2.69355  4.24690  2.90347  2.73739  3.18146  2.89801  2.37887  2.77519  2.98518  4.58477  3.61503
          0.01274  4.76529  5.48764  0.61958  0.77255  0.47461  0.97320
     35   3.60860  5.36741  4.48504  4.38979  5.02621  4.08927  5.34700  4.69430  4.37567  3.68753  5.39920  4.56146  0.25314  4.79260  4.55130  3.80155  4.10469  4.32443  6.31866  5.17054     55 P - - -
          2.68618  4.42225  2.77519  2.73123  3.46354  2.40513  3.72494  3.29354  2.67741  2.69355  4.24690  2.90347  2.73739  3.18146  2.89801  2.37887  2.77519  2.98518  4.58477  3.61503
          0.01263  4.77345  5.49580  0.61958  0.77255  0.48576  0.95510
     36   2.13393  5.27487  2.59456  1.89044  4.20068  3.56571  3.75461  4.08829  2.10344  3.57573  4.31842  2.89526  3.52580  2.81469  2.94326  2.56598  2.58209  3.28341  5.71386  4.30912     56 e - - -
          2.68618  4.42225  2.77519  2.73123  3.46354  2.40513  3.72494  3.29354  2.67741  2.69355  4.24690  2.90347  2.73739  3.18146  2.89801  2.37887  2.77519  2.98518  4.58477  3.61503
          0.01263  4.77345  5.49580  0.61958  0.77255  0.48576  0.95510
     37   3.00831  5.46952  2.39406  2.36578  4.78571  1.16694  3.93900  4.26168  2.61676  3.77161  4.55441  2.90145  4.09720  3.06672  3.14730  2.88824  3.07458  3.69302  5.93530  4.51535     57 g - - -
          2.68619  4.42226  2.77515  2.73124  3.46355  2.40514  3.72496  3.29355  2.67742  2.69356  4.24691  2.90348  2.73741  3.18126  2.89802  2.37888  2.77521  2.98519  4.58478  3.61504
          0.05939  3.06886  4.49288  0.38870  1.13301  0.48576  0.95510
     38   2.72823  4.57894  3.62987  2.97913  3.79157  3.71658  4.05725  2.54842  3.04285  2.85901  3.74329  3.38773  3.71595  3.35602  3.41230  2.44734  1.30272  2.69570  5.21780  3.97517     59 t - - -
          2.68619  4.42226  2.77520  2.73124  3.46355  2.40513  3.72495  3.29355  2.67741  2.69356  4.24690  2.90347  2.73726  3.18147  2.89801  2.37888  2.77520  2.98519  4.58478  3.61504
          0.04092  3.32519  5.48869  0.43423  1.04345  0.47601  0.97090
     39   2.79781  5.07960  3.04360  2.42945  4.34476  3.60864  3.80663  3.77490  1.97877  3.34971  3.84946  3.12018  4.00051  2.93973  2.94276  2.56072  1.68183  2.69938  5.56465  4.21174     61 t - - -
          2.68618  4.42225  2.77519  2.73123  3.46354  2.40513  3.72494  3.29354  2.67741  2.69355  4.24690  2.90347  2.73739  3.18146  2.89801  2.37887  2.77519  2.98518  4.58477  3.61503
          0.01263  4.77345  5.49580  0.61958  0.77255  0.48576  0.95510
     40   4.84526  5.76420  5.65075  5.60229  0.58043  5.30676  3.95030  4.38193  5.38070  3.51438  4.90308  4.84770  5.56313  5.02381  5.17294  4.72731  5.04086  4.35341  4.02286  1.29601     62 F - - -
          2.68618  4.42225  2.77519  2.73123  3.46354  2.40513  3.72494  3.29354  2.67741  2.69355  4.24690  2.90347  2.73739  3.18146  2.89801  2.37887  2.77519  2.98518  4.58477  3.61503
          0.01263  4.77345  5.49580  0.61958  0.77255  0.48576  0.95510
     41   2.12144  5.21159  3.01281  2.02190  4.52199  3.29438  3.53459  3.75486  2.24704  3.50251  4.26309  3.06051  3.97102  2.87970  3.00664  2.35969  2.05982  3.43841  5.66717  4.27882     63 e - - -
          2.68618  4.42225  2.77519  2.73123  3.46354  2.40513  3.72494  3.29354  2.67741  2.69355  4.24690  2.90347  2.73739  3.18146  2.89801  2.37887  2.77519  2.98518  4.58477  3.61503
          0.02949  4.77345  3.88215  0.61958  0.77255  0.48576  0.95510
     42   2.49453  4.46766  3.73816  3.07860  3.20395  2.92953  3.79865  2.23888  2.61836  1.97567  3.57307  3.55409  2.91116  3.29642  3.45059  3.03689  2.69310  2.55142  5.05508  3.82852     64 l - - -
          2.68618  4.42225  2.77519  2.73123  3.46354  2.40513  3.72494  3.29354  2.67741  2.69355  4.24690  2.90347  2.73739  3.18146  2.89801  2.37887  2.77519  2.98518  4.58477  3.61503
          0.11932  4.75681  2.26446  0.61958  0.77255  0.52219  0.89948
     43   2.32375  5.05896  2.70286  2.53664  4.35141  1.92852  3.76785  3.63333  2.47119  3.35381  4.14134  3.06659  2.86645  2.82902  3.02036  2.59898  2.91510  3.04284  5.55878  4.19689     65 g - - -
          2.68580  4.42255  2.77424  2.73124  3.46384  2.40522  3.72525  3.29304  2.67721  2.69385  4.24676  2.90371  2.73721  3.18155  2.89831  2.37914  2.77511  2.98548  4.58507  3.61533
          0.28470  1.41419  5.37411  1.37816  0.29041  0.47322  0.97549
     44   2.25737  5.27894  2.53485  2.00454  4.62076  3.14806  3.52618  4.10466  2.31013  3.58284  4.32059  2.64420  3.27048  2.75932  2.88357  2.41349  2.63450  3.47828  5.71348  4.30411     76 e - - -
          2.68618  4.42225  2.77519  2.73123  3.46354  2.40513  3.72494  3.29354  2.67741  2.69355  4.24690  2.90347  2.73739  3.18146  2.89801  2.37887  2.77519  2.98518  4.58477  3.61503
          0.01316  4.73290  5.45525  0.61958  0.77255  0.57134  0.83188
     45   2.62117  5.26289  2.01071  2.38742  4.17217  2.55046  3.58830  4.07684  2.44240  3.43137  4.30643  2.72568  3.43833  2.65960  2.88214  2.48095  2.58732  3.64807  5.70164  4.29646     77 d - - -
          2.68618  4.42225  2.77519  2.73123  3.46354  2.40513  3.72494  3.29354  2.67741  2.69355  4.24690  2.90347  2.73739  3.18146  2.89801  2.37887  2.77519  2.98518  4.58477  3.61503
          0.01316  4.73290  5.45525  0.61958  0.77255  0.47159  0.97818
     46   1.81888  4.62477  2.97272  2.77091  3.23332  3.72443  3.96201  3.08465  2.91240  2.56428  3.53959  3.16610  4.10709  3.17647  3.30659  2.73032  2.48245  2.19939  5.19058  3.75615     78 a - - -
          2.68618  4.42225  2.77519  2.73123  3.46354  2.40513  3.72494  3.29354  2.67741  2.69355  4.24690  2.90347  2.73739  3.18146  2.89801  2.37887  2.77519  2.98518  4.58477  3.61503
          0.01278  4.76235  5.48470  0.61958  0.77255  0.47074  0.97961
     47   2.61413  5.06314  2.97689  2.60805  4.35034  3.49234  3.91688  3.51607  2.64962  3.37022  4.19006  3.14120  1.22676  3.07493  3.09840  2.90410  2.98957  3.43533  5.61172  4.27629     79 p - - -
          2.68570  4.42265  2.77468  2.73124  3.46382  2.40464  3.72534  3.29369  2.67734  2.69353  4.24730  2.90356  2.73751  3.18127  2.89833  2.37922  2.77525  2.98529  4.58517  3.61543
          0.46314  1.19599  2.68395  1.34179  0.30297  0.48576  0.95510
     48   2.37371  4.94854  2.42881  2.39906  3.86995  3.20627  3.80678  3.59546  2.61253  2.96459  4.02089  3.07242  3.99101  2.96104  3.07420  2.56612  2.27582  3.23070  2.75607  3.83851     88 t - - -
          2.68618  4.42225  2.77519  2.73123  3.46354  2.40513  3.72494  3.29354  2.67741  2.69355  4.24690  2.90347  2.73739  3.18146  2.89801  2.37887  2.77519  2.98518  4.58477  3.61503
          0.01351  4.70711  5.42945  0.61958  0.77255  0.43521  1.04165
     49   2.78806  5.01890  2.72889  2.54983  3.98578  2.76054  3.81449  3.68755  2.30163  3.28118  4.08727  3.01727  4.00266  2.85300  3.07413  2.68826  2.51636  2.82642  2.20185  4.17334     89 w - - -
          2.68618  4.42225  2.77519  2.73123  3.46354  2.40513  3.72494  3.29354  2.67741  2.69355  4.24690  2.90347  2.73739  3.18146  2.89801  2.37887  2.77519  2.98518  4.58477  3.61503
          0.01274  4.76495  5.48730  0.61958  0.77255  0.47416  0.97394
     50   1.71176  4.27542  4.40154  3.81342  3.18825  3.94949  4.27479  2.29294  3.67787  2.46299  3.39716  3.97788  3.88680  3.88269  3.82572  3.11742  3.01092  1.44079  4.91070  3.42227     90 v - - -
          2.68618  4.42225  2.77519  2.73123  3.46354  2.40513  3.72494  3.29354  2.67741  2.69355  4.24690  2.90347  2.73739  3.18146  2.89801  2.37887  2.77519  2.98518  4.58477  3.61503
          0.01263  4.77345  5.49580  0.61958  0.77255  0.48576  0.95510
     51   2.55973  5.22438  2.98643  2.24063  4.53919  3.42360  2.93383  4.00418  2.26598  3.39408  4.27326  3.05496  3.96769  2.81708  2.91178  2.22994  1.88169  3.37268  5.67552  4.09279     91 t - - -
          2.68618  4.42225  2.77519  2.73123  3.46354  2.40513  3.72494  3.29354  2.67741  2.69355  4.24690  2.90347  2.73739  3.18146  2.89801  2.37887  2.77519  2.98518  4.58477  3.61503
          0.01263  4.77345  5.49580  0.61958  0.77255  0.48576  0.95510
     52   3.39138  4.69164  5.32241  4.83297  4.08345  4.10000  5.43295  1.52627  4.72345  2.71491  3.90243  4.94518  5.11365  4.97391  4.87273  4.15508  3.41598  0.68094  5.93919  4.72219     92 V - - -
          2.68618  4.42225  2.77519  2.73123  3.46354  2.40513  3.72494  3.29354  2.67741  2.69355  4.24690  2.90347  2.73739  3.18146  2.89801  2.37887  2.77519  2.98518  4.58477  3.61503
          0.01263  4.77345  5.49580  0.61958  0.77255  0.48576  0.95510
     53   2.84767  5.95718  1.02109  2.38155  5.25505  3.19845  3.89235  4.78853  3.14506  4.25306  5.07520  1.69308  4.24603  3.30452  3.74787  3.20728  3.60670  4.33481  6.40092  4.88105     93 d - - -
          2.68618  4.42225  2.77519  2.73123  3.46354  2.40513  3.72494  3.29354  2.67741  2.69355  4.24690  2.90347  2.73739  3.18146  2.89801  2.37887  2.77519  2.98518  4.58477  3.61503
          0.02242  4.77345  4.28891  0.61958  0.77255  0.48576  0.95510
     54   2.43425  5.28499  2.97903  1.97995  4.61525  3.37397  3.77223  4.09120  2.27529  3.58430  4.33310  2.89472  1.92619  2.81585  2.91673  2.50250  2.95749  3.66839  5.72751  4.32411     94 p - - -
          2.68618  4.42225  2.77519  2.73123  3.46354  2.40513  3.72494  3.29354  2.67741  2.69355  4.24690  2.90347  2.73739  3.18146  2.89801  2.37887  2.77519  2.98518  4.58477  3.61503
          0.01276  4.76379  5.48613  0.61958  0.77255  0.47262  0.97649
     55   2.34399  5.29971  2.23852  2.09575  4.64224  3.43068  3.61522  4.12697  2.18035  3.60386  4.34133  2.35731  3.95908  2.68014  2.89751  2.69961  2.53319  3.68904  5.73356  3.97140     95 e - - -
          2.68618  4.42225  2.77519  2.73123  3.46354  2.40513  3.72494  3.29354  2.67741  2.69355  4.24690  2.90347  2.73739  3.18146  2.89801  2.37887  2.77519  2.98518  4.58477  3.61503
          0.23850  4.77345  1.59091  0.61958  0.77255  0.48576  0.95510
     56   2.66083  4.59854  3.35028  3.19893  4.35041  3.40279  4.31722  3.69513  3.25326  3.22392  4.29464  3.50735  4.06181  3.57446  3.60587  2.40576  0.85923  3.30093  5.72106  4.46409     96 t - - -
          2.68618  4.42225  2.77519  2.73123  3.46354  2.40513  3.72494  3.29354  2.67741  2.69355  4.24690  2.90347  2.73739  3.18146  2.89801  2.37887  2.77519  2.98518  4.58477  3.61503
          0.01581  4.55076  5.27311  0.61958  0.77255  0.30867  1.32584
     57   4.10574  5.70681  4.93782  4.96766  5.93971  0.11315  5.93445  5.84283  5.25175  5.33018  6.37038  5.10600  5.10518  5.50800  5.30983  4.31330  4.64311  5.20583  6.71980  6.09749     97 G - - -
          2.68618  4.42225  2.77519  2.73123  3.46354  2.40513  3.72494  3.29354  2.67741  2.69355  4.24690  2.90347  2.73739  3.18146  2.89801  2.37887  2.77519  2.98518  4.58477  3.61503
          0.01263  4.77345  5.49580  0.61958  0.77255  0.48576  0.95510
     58   2.49819  5.21390  2.77459  1.97207  4.52500  3.57581  3.56119  3.65616  2.14950  3.32015  3.93378  2.98734  3.96843  2.87525  2.80841  2.41305  2.52679  2.62213  5.66745  4.27800     98 e - - -
          2.68618  4.42225  2.77519  2.73123  3.46354  2.40513  3.72494  3.29354  2.67741  2.69355  4.24690  2.90347  2.73739  3.18146  2.89801  2.37887  2.77519  2.98518  4.58477  3.61503
          0.01263  4.77345  5.49580  0.61958  0.77255  0.48576  0.95510
     59   3.59372  4.81688  5.64238  5.12657  3.34963  5.09935  5.63755  1.21005  5.02776  1.83250  3.68090  5.25079  5.31134  5.17044  5.11290  4.49336  3.83877  1.03692  5.92715  4.77599     99 v - - -
          2.68618  4.42225  2.77519  2.73123  3.46354  2.40513  3.72494  3.29354  2.67741  2.69355  4.24690  2.90347  2.73739  3.18146  2.89801  2.37887  2.77519  2.98518  4.58477  3.61503
          0.01263  4.77345  5.49580  0.61958  0.77255  0.48576  0.95510
     60   2.82260  5.15448  2.89878  2.51471  4.43912  3.60920  3.80880  3.60674  2.32768  3.43197  4.21741  3.10931  4.00743  2.82781  2.83959  2.57108  1.34064  3.51330  5.62591  4.26252    100 t - - -
          2.68618  4.42225  2.77519  2.73123  3.46354  2.40513  3.72494  3.29354  2.67741  2.69355  4.24690  2.90347  2.73739  3.18146  2.89801  2.37887  2.77519  2.98518  4.58477  3.61503
          0.01263  4.77345  5.49580  0.61958  0.77255  0.48576  0.95510
     61   2.33054  4.28081  4.66246  4.06696  3.29915  3.88144  4.39185  2.24706  3.89907  2.11139  3.39432  4.15126  4.41579  4.07146  3.98267  3.36392  3.12084  1.17850  4.94261  2.90550    101 v - - -
          2.68618  4.42225  2.77519  2.73123  3.46354  2.40513  3.72494  3.29354  2.67741  2.69355  4.24690  2.90347  2.73739  3.18146  2.89801  2.37887  2.77519  2.98518  4.58477  3.61503
          0.03063  4.77345  3.82961  0.61958  0.77255  0.48576  0.95510
     62   2.67761  4.94192  3.21219  2.57349  3.19540  3.62539  3.71146  3.57827  2.02490  3.06199  3.76868  2.91785  3.64102  2.99207  2.98199  2.67218  1.81976  3.16619  5.45288  3.61224    102 t - - -
          2.68618  4.42225  2.77519  2.73123  3.46354  2.40513  3.72494  3.29354  2.67741  2.69355  4.24690  2.90347  2.73739  3.18146  2.89801  2.37887  2.77519  2.98518  4.58477  3.61503
          0.01286  4.75568  5.47803  0.61958  0.77255  0.52460  0.89598
     63   2.41433  4.49542  3.88814  3.35345  3.81043  3.02769  4.23012  2.62060  3.30009  2.88089  3.77793  3.66514  1.39510  3.58859  3.62068  2.87536  2.95306  2.19642  5.26501  4.04558    103 p - - -
          2.68618  4.42225  2.77519  2.73123  3.46354  2.40513  3.72494  3.29354  2.67741  2.69355  4.24690  2.90347  2.73739  3.18146  2.89801  2.37887  2.77519  2.98518  4.58477  3.61503
          0.01286  4.75568  5.47803  0.61958  0.77255  0.46222  0.99394
     64   2.67348  5.21559  2.75418  2.56790  4.59811  2.21116  3.85421  4.06147  2.53653  3.58667  4.35414  2.91616  1.89444  2.97210  3.11939  2.33468  2.67605  3.64942  5.75535  4.36747    104 p - - -
          2.68618  4.42225  2.77519  2.73123  3.46354  2.40513  3.72494  3.29354  2.67741  2.69355  4.24690  2.90347  2.73739  3.18146  2.89801  2.37887  2.77519  2.98518  4.58477  3.61503
          0.01263  4.77345  5.49580  0.61958  0.77255  0.48576  0.95510
     65   1.64840  5.22830  2.79479  2.05929  4.54429  3.20881  3.76512  3.68308  2.23287  3.41404  4.27694  3.05351  3.64359  2.79059  2.99997  2.63939  2.98346  3.46988  5.67885  3.95459    105 a - - -
          2.68618  4.42225  2.77519  2.73123  3.46354  2.40513  3.72494  3.29354  2.67741  2.69355  4.24690  2.90347  2.73739  3.18146  2.89801  2.37887  2.77519  2.98518  4.58477  3.61503
          0.01263  4.77345  5.49580  0.61958  0.77255  0.48576  0.95510
     66   2.63299  5.29555  1.68893  2.38803  4.62428  2.92164  3.61488  4.10156  2.41572  3.01284  4.34258  2.53785  3.97729  2.88175  3.02256  2.47964  2.81161  3.67779  5.73737  4.33162    106 d - - -
          2.68618  4.42225  2.77519  2.73123  3.46354  2.40513  3.72494  3.29354  2.67741  2.69355  4.24690  2.90347  2.73739  3.18146  2.89801  2.37887  2.77519  2.98518  4.58477  3.61503
          0.01263  4.77345  5.49580  0.61958  0.77255  0.48576  0.95510
     67   1.80366  4.78214  3.17737  2.55119  3.96891  3.67908  3.90112  3.24106  2.67550  2.75704  3.86980  3.27761  4.06597  2.83884  3.20347  2.89759  2.38471  2.06532  5.32478  4.03711    107 a - - -
          2.68618  4.42225  2.77519  2.73123  3.46354  2.40513  3.72494  3.29354  2.67741  2.69355  4.24690  2.90347  2.73739  3.18146  2.89801  2.37887  2.77519  2.98518  4.58477  3.61503
          0.01263  4.77345  5.49580  0.61958  0.77255  0.48576  0.95510
     68   2.24722  5.25329  3.01069  2.38316  4.57961  2.88486  3.62001  4.05231  1.91390  3.55045  4.11199  2.96505  2.67380  2.70079  2.90284  2.69454  2.46117  3.43383  5.69734  4.29833    108 k - - -
          2.68618  4.42225  2.77519  2.73123  3.46354  2.40513  3.72494  3.29354  2.67741  2.69355  4.24690  2.90347  2.73739  3.18146  2.89801  2.37887  2.77519  2.98518  4.58477  3.61503
          0.01983  4.77345  4.49288  0.61958  0.77255  0.48576  0.95510
     69   2.16672  5.18701  2.86105  2.37157  4.48911  3.24479  3.78083  3.94419  2.32045  3.47595  4.24454  2.90241  2.02835  2.89538  3.02400  2.68060  2.85003  2.82603  5.65199  4.26992    109 p - - -
          2.68618  4.42225  2.77519  2.73123  3.46354  2.40513  3.72494  3.29354  2.67741  2.69355  4.24690  2.90347  2.73739  3.18146  2.89801  2.37887  2.77519  2.98518  4.58477  3.61503
          0.01273  4.76634  5.48869  0.61958  0.77255  0.47601  0.97090
     70   2.87255  5.11557  3.18132  2.80638  4.55672  1.01363  3.84373  3.97833  2.42101  3.35285  4.39174  3.11879  4.15420  3.21131  3.19519  2.83262  3.11977  3.61405  5.77964  4.46216    110 g - - -
          2.68618  4.42225  2.77519  2.73123  3.46354  2.40513  3.72494  3.29354  2.67741  2.69355  4.24690  2.90347  2.73739  3.18146  2.89801  2.37887  2.77519  2.98518  4.58477  3.61503
          0.02537  4.77345  4.09849  0.61958  0.77255  0.48576  0.95510
     71   2.69988  5.30506  1.88345  2.14367  4.63595  3.39233  3.59246  4.11521  2.49367  3.60498  4.35283  2.93194  3.86681  2.88242  2.99141  2.36842  2.03677  3.57856  5.74623  4.33798    111 d - - -
          2.68618  4.42225  2.77519  2.73123  3.46354  2.40513  3.72494  3.29354  2.67741  2.69355  4.24690  2.90347  2.73739  3.18146  2.89801  2.37887  2.77519  2.98518  4.58477  3.61503
          0.01280  4.76088  5.48322  0.61958  0.77255  0.51346  0.91235
     72   2.68026  4.82099  3.31020  2.38494  4.01689  3.66225  3.72633  3.14926  2.26039  3.05976  3.90489  3.24428  4.04917  3.07243  2.99877  2.64565  2.68308  2.35889  5.35454  2.10671    112 y - - -
          2.68611  4.42235  2.77529  2.73133  3.46363  2.40519  3.72504  3.29305  2.67737  2.69364  4.24699  2.90356  2.73749  3.18141  2.89810  2.37896  2.77529  2.98456  4.58486  3.61479
          0.39382  1.18300  3.95479  0.11206  2.24425  0.46882  0.98280
     73   2.73180  5.22564  2.82664  2.05084  4.54331  3.56733  3.75748  3.66699  2.40148  3.19572  4.08389  2.63422  3.38987  2.45345  2.93075  2.68853  2.10391  3.01292  5.67506  4.00763    114 e - - -
          2.68618  4.42225  2.77519  2.73123  3.46354  2.40513  3.72494  3.29354  2.67741  2.69355  4.24690  2.90347  2.73739  3.18146  2.89801  2.37887  2.77519  2.98518  4.58477  3.61503
          0.01283  4.75852  5.48087  0.61958  0.77255  0.49219  0.94491
     74   2.72317  4.26296  4.43867  3.84759  3.14327  3.39716  4.27977  1.65230  3.20072  2.44856  3.38326  3.99746  4.32639  3.90327  3.83820  3.25613  2.70288  1.46990  4.89835  3.58570    115 v - - -
          2.68618  4.42225  2.77519  2.73123  3.46354  2.40513  3.72494  3.29354  2.67741  2.69355  4.24690  2.90347  2.73739  3.18146  2.89801  2.37887  2.77519  2.98518  4.58477  3.61503
          0.01273  4.76591  5.48825  0.61958  0.77255  0.47543  0.97185
     75   2.72440  5.20493  2.98577  2.41198  4.50811  3.58936  3.78459  3.79960  2.30282  3.30873  4.25910  2.72648  1.60846  2.84712  2.90623  2.79134  2.66867  3.57330  5.66271  4.28157    116 p - - -
          2.68618  4.42225  2.77519  2.73123  3.46354  2.40513  3.72494  3.29354  2.67741  2.69355  4.24690  2.90347  2.73739  3.18146  2.89801  2.37887  2.77519  2.98518  4.58477  3.61503
          0.01263  4.77345  5.49580  0.61958  0.77255  0.48576  0.95510
     76   3.21148  4.81202  5.59319  5.14477  4.24220  5.07482  5.90210  1.69350  5.07182  2.70427  3.98569  5.28154  5.37992  5.34967  5.24956  4.51224  3.84820  0.53963  6.30860  5.07661    117 V - - -
          2.68618  4.42225  2.77519  2.73123  3.46354  2.40513  3.72494  3.29354  2.67741  2.69355  4.24690  2.90347  2.73739  3.18146  2.89801  2.37887  2.77519  2.98518  4.58477  3.61503
          0.01263  4.77345  5.49580  0.61958  0.77255  0.48576  0.95510
     77   2.79032  5.18077  2.82917  2.16202  4.47935  3.58333  3.77566  3.41599  1.99361  3.04266  4.23411  3.07173  3.97564  2.50886  2.94343  2.77722  2.09941  2.74901  5.64208  4.26169    118 k - - -
          2.68618  4.42225  2.77519  2.73123  3.46354  2.40513  3.72494  3.29354  2.67741  2.69355  4.24690  2.90347  2.73739  3.18146  2.89801  2.37887  2.77519  2.98518  4.58477  3.61503
          0.01263  4.77345  5.49580  0.61958  0.77255  0.48576  0.95510
     78   2.27818  4.71528  5.17211  4.75319  4.20517  4.44115  5.44634  2.14400  4.64623  2.81347  4.02012  4.79680  4.96157  4.91517  4.81689  3.87718  3.62923  0.59696  6.06955  4.85244    119 V - - -
          2.68618  4.42225  2.77519  2.73123  3.46354  2.40513  3.72494  3.29354  2.67741  2.69355  4.24690  2.90347  2.73739  3.18146  2.89801  2.37887  2.77519  2.98518  4.58477  3.61503
          0.01263  4.77345  5.49580  0.61958  0.77255  0.48576  0.95510
     79   2.84577  4.88472  3.35626  2.82381  4.15057  3.67752  3.33343  3.54611  2.69660  3.18586  4.03015  3.16920  4.09819  3.13351  2.92810  2.68997  1.15678  2.99129  5.46059  4.17012    120 t - - -
          2.68618  4.42225  2.77519  2.73123  3.46354  2.40513  3.72494  3.29354  2.67741  2.69355  4.24690  2.90347  2.73739  3.18146  2.89801  2.37887  2.77519  2.98518  4.58477  3.61503
          0.01263  4.77345  5.49580  0.61958  0.77255  0.48576  0.95510
     80   4.80457  5.76292  5.57761  5.50775  2.03392  5.26444  3.96598  4.37355  5.29594  3.51952  4.90829  4.83240  5.54098  5.00046  5.12941  4.69931  5.01216  4.34079  4.04396  0.35609    121 Y - - -
          2.68618  4.42225  2.77519  2.73123  3.46354  2.40513  3.72494  3.29354  2.67741  2.69355  4.24690  2.90347  2.73739  3.18146  2.89801  2.37887  2.77519  2.98518  4.58477  3.61503
          0.01263  4.77345  5.49580  0.61958  0.77255  0.48576  0.95510
     81   2.61823  5.17582  3.05086  2.49904  4.55688  3.63494  4.00888  3.98391  2.75161  3.56773  4.38694  3.22278  1.11694  2.92393  3.25752  2.79743  2.95761  3.62193  5.78696  4.44232    122 p - - -
          2.68618  4.42225  2.77519  2.73123  3.46354  2.40513  3.72494  3.29354  2.67741  2.69355  4.24690  2.90347  2.73739  3.18146  2.89801  2.37887  2.77519  2.98518  4.58477  3.61503
          0.01263  4.77345  5.49580  0.61958  0.77255  0.48576  0.95510
     82   4.25401  6.25686  0.20093  3.35051  5.82716  4.17877  5.07738  5.68618  4.36487  5.13317  6.20482  3.92687  4.88455  4.36765  4.93624  4.16675  4.62943  5.24779  6.76225  5.65421    123 D - - -
          2.68618  4.42225  2.77519  2.73123  3.46354  2.40513  3.72494  3.29354  2.67741  2.69355  4.24690  2.90347  2.73739  3.18146  2.89801  2.37887  2.77519  2.98518  4.58477  3.61503
          0.01263  4.77345  5.49580  0.61958  0.77255  0.48576  0.95510
     83   2.97963  5.39202  2.76747  2.62945  4.83293  1.08589  4.03240  4.29842  2.18083  3.82448  4.62216  2.77147  4.14445  3.17296  3.32778  2.91165  3.11432  3.87898  5.99372  4.59869    124 g - - -
          2.68618  4.42225  2.77519  2.73123  3.46354  2.40513  3.72494  3.29354  2.67741  2.69355  4.24690  2.90347  2.73739  3.18146  2.89801  2.37887  2.77519  2.98518  4.58477  3.61503
          0.01263  4.77345  5.49580  0.61958  0.77255  0.48576  0.95510
     84   2.73314  4.66200  4.02666  3.65660  4.65190  3.48191  4.66405  4.01106  3.61523  3.22080  4.60147  3.81543  4.20500  3.93899  3.92287  0.71795  2.01332  3.54024  6.02516  4.79648    125 s - - -
          2.68618  4.42225  2.77519  2.73123  3.46354  2.40513  3.72494  3.29354  2.67741  2.69355  4.24690  2.90347  2.73739  3.18146  2.89801  2.37887  2.77519  2.98518  4.58477  3.61503
          0.01263  4.77345  5.49580  0.61958  0.77255  0.48576  0.95510
     85   2.80398  5.25108  3.07198  2.31710  4.57482  3.58255  3.62476  4.04180  1.97770  3.54461  4.29894  2.96168  3.97583  2.33690  2.89362  2.45930  1.83166  3.19218  5.69440  4.30290    126 t - - -
          2.68618  4.42225  2.77519  2.73123  3.46354  2.40513  3.72494  3.29354  2.67741  2.69355  4.24690  2.90347  2.73739  3.18146  2.89801  2.37887  2.77519  2.98518  4.58477  3.61503
          0.01263  4.77345  5.49580  0.61958  0.77255  0.48576  0.95510
     86   2.67765  5.56650  1.33941  1.67282  4.89128  3.30990  3.92497  4.39051  2.57487  3.86307  4.62819  2.95578  4.08881  3.04319  2.89325  2.95105  3.26554  3.94917  5.99824  4.55317    127 d - - -
          2.68618  4.42225  2.77520  2.73124  3.46354  2.40513  3.72495  3.29354  2.67733  2.69355  4.24690  2.90347  2.73740  3.18147  2.89801  2.37887  2.77520  2.98519  4.58477  3.61503
          0.02914  3.70422  5.49580  0.49410  0.94191  0.48576  0.95510
     87   2.78939  5.11138  2.81178  2.07513  3.87062  3.59540  3.66058  3.65782  2.46874  3.38608  4.17135  2.60531  3.98700  2.85421  3.03996  2.61122  2.14117  2.38243  5.58867  3.56814    129 e - - -
          2.68618  4.42225  2.77519  2.73123  3.46354  2.40513  3.72494  3.29354  2.67741  2.69355  4.24690  2.90347  2.73739  3.18146  2.89801  2.37887  2.77519  2.98518  4.58477  3.61503
          0.01263  4.77345  5.49580  0.61958  0.77255  0.48576  0.95510
     88   2.33372  4.25729  4.54732  3.95210  3.36678  3.99207  4.31971  2.06679  3.79424  2.08779  3.37619  4.06349  3.95066  3.97714  3.89863  3.29376  2.33757  1.46129  4.90059  3.29398    130 v - - -
          2.68618  4.42225  2.77519  2.73123  3.46354  2.40513  3.72494  3.29354  2.67741  2.69355  4.24690  2.90347  2.73739  3.18146  2.89801  2.37887  2.77519  2.98518  4.58477  3.61503
          0.01263  4.77345  5.49580  0.61958  0.77255  0.48576  0.95510
     89   2.73720  5.14835  2.83413  2.44429  3.84866  3.46850  3.78223  3.88288  2.35941  3.24680  3.75152  2.27839  2.67866  2.90133  2.88569  2.62213  2.34487  3.17186  5.61723  3.34521    131 n - - -
          2.68618  4.42225  2.77519  2.73123  3.46354  2.40513  3.72494  3.29354  2.67741  2.69355  4.24690  2.90347  2.73739  3.18146  2.89801  2.37887  2.77519  2.98518  4.58477  3.61503
          0.01263  4.77345  5.49580  0.61958  0.77255  0.48576  0.95510
     90   1.81324  4.28612  4.28785  3.70375  3.05914  3.66309  4.23138  2.71237  3.58297  2.26502  3.29079  3.90384  3.93546  3.80248  3.76132  2.99296  2.89454  1.42659  4.91298  3.72133    132 v - - -
          2.68618  4.42225  2.77519  2.73123  3.46354  2.40513  3.72494  3.29354  2.67741  2.69355  4.24690  2.90347  2.73739  3.18146  2.89801  2.37887  2.77519  2.98518  4.58477  3.61503
          0.01263  4.77345  5.49580  0.61958  0.77255  0.48576  0.95510
     91   2.80034  5.09597  3.05845  2.54594  4.36756  3.60494  3.65641  3.80131  2.00136  3.37070  4.16270  3.03963  2.57507  2.93794  3.04937  2.65120  1.90140  2.63233  5.58083  4.22397    133 t - - -
          2.68618  4.42225  2.77519  2.73123  3.46354  2.40513  3.72494  3.29354  2.67741  2.69355  4.24690  2.90347  2.73739  3.18146  2.89801  2.37887  2.77519  2.98518  4.58477  3.61503
          0.01263  4.77345  5.49580  0.61958  0.77255  0.48576  0.95510
     92   2.95497  4.46297  5.00894  4.43711  3.04516  4.09928  4.80125  1.84830  4.28314  2.31561  3.58993  4.51733  4.73237  4.46318  4.36808  3.72817  3.10984  0.88149  5.31117  4.12207    134 v - - -
          2.68618  4.42225  2.77519  2.73123  3.46354  2.40513  3.72494  3.29354  2.67741  2.69355  4.24690  2.90347  2.73739  3.18146  2.89801  2.37887  2.77519  2.98518  4.58477  3.61503
          0.01263  4.77345  5.49580  0.61958  0.77255  0.48576  0.95510
     93   2.79216  4.96863  3.20779  2.54891  4.20048  3.46520  3.83341  2.90067  2.09115  3.07191  4.04141  2.50917  4.01799  2.98892  2.96652  2.72850  1.87851  2.85172  5.47560  3.83498    135 t - - -
          2.68618  4.42225  2.77519  2.73123  3.46354  2.40513  3.72494  3.29354  2.67741  2.69355  4.24690  2.90347  2.73739  3.18146  2.89801  2.37887  2.77519  2.98518  4.58477  3.61503
          0.01263  4.77345  5.49580  0.61958  0.77255  0.48576  0.95510
     94   3.59482  4.87166  5.55655  5.15754  4.20462  4.99348  5.90644  1.96453  5.04487  2.65977  3.98626  5.26959  5.36238  5.34575  5.21445  4.46586  3.89630  0.45345  6.29786  5.03584    136 V - - -
          2.68618  4.42225  2.77519  2.73123  3.46354  2.40513  3.72494  3.29354  2.67741  2.69355  4.24690  2.90347  2.73739  3.18146  2.89801  2.37887  2.77519  2.98518  4.58477  3.61503
          0.01263  4.77345  5.49580  0.61958  0.77255  0.48576  0.95510
     95   2.07118  5.26849  2.75197  2.24491  4.60090  3.49695  3.32504  4.07797  2.22505  3.48715  4.31258  3.03916  3.66868  2.81462  2.67490  2.39579  2.21236  3.37550  5.70880  4.30568    137 a - - -
          2.68618  4.42225  2.77519  2.73123  3.46354  2.40513  3.72494  3.29354  2.67741  2.69355  4.24690  2.90347  2.73739  3.18146  2.89801  2.37887  2.77519  2.98518  4.58477  3.61503
          0.00852  4.76934        *  0.61958  0.77255  0.00000        *
//
