HMMER3/f [3.1b2 | February 2015]
NAME  SEED
LENG  76
ALPH  amino
RF    no
MM    no
CONS  yes
CS    no
MAP   yes
DATE  Thu Feb 21 11:42:20 2019
NSEQ  152
EFFN  4.494873
CKSUM 2787849698
STATS LOCAL MSV       -9.2493  0.71862
STATS LOCAL VITERBI   -9.9357  0.71862
STATS LOCAL FORWARD   -3.4220  0.71862
HMM          A        C        D        E        F        G        H        I        K        L        M        N        P        Q        R        S        T        V        W        Y   
            m->m     m->i     m->d     i->m     i->i     d->m     d->d
  COMPO   2.67439  5.11646  2.49287  2.56353  3.98877  2.85310  3.94621  3.04282  2.48778  3.07184  4.19583  3.01570  2.93511  3.04608  3.33870  2.70534  2.40993  2.31873  4.98217  3.48822
          2.68618  4.42225  2.77519  2.73123  3.46354  2.40513  3.72494  3.29354  2.67741  2.69355  4.24690  2.90347  2.73739  3.18146  2.89801  2.37887  2.77519  2.98518  4.58477  3.61503
          0.00778  5.25608  5.97843  0.61958  0.77255  0.00000        *
      1   4.01038  6.82485  0.55462  2.22744  6.06426  4.05299  4.71393  5.67154  3.89538  5.08908  6.00379  3.48726  4.75041  1.94344  4.61483  3.81705  4.32859  5.17907  7.23050  5.58981      1 D - - -
          2.68618  4.42225  2.77519  2.73123  3.46354  2.40513  3.72494  3.29354  2.67741  2.69355  4.24690  2.90347  2.73739  3.18146  2.89801  2.37887  2.77519  2.98518  4.58477  3.61503
          0.00778  5.25608  5.97843  0.61958  0.77255  0.48576  0.95510
      2   0.83569  5.50254  3.34956  2.92715  4.93531  3.88302  4.20306  4.38499  2.41268  3.91661  4.70365  2.61374  4.35165  2.99746  3.38035  2.68561  3.44762  3.97941  6.08440  4.72230      2 a - - -
          2.68618  4.42225  2.77519  2.73123  3.46354  2.40513  3.72494  3.29354  2.67741  2.69355  4.24690  2.90347  2.73739  3.18146  2.89801  2.37887  2.77519  2.98518  4.58477  3.61503
          0.00778  5.25608  5.97843  0.61958  0.77255  0.48576  0.95510
      3   3.11361  5.73526  1.00597  1.81045  5.06462  3.49511  3.98221  4.55990  2.92203  4.03398  4.78923  3.06540  4.29937  2.95320  3.36594  2.98089  3.15341  4.11917  6.16775  3.97805      3 d - - -
          2.68618  4.42225  2.77519  2.73123  3.46354  2.40513  3.72494  3.29354  2.67741  2.69355  4.24690  2.90347  2.73739  3.18146  2.89801  2.37887  2.77519  2.98518  4.58477  3.61503
          0.00778  5.25608  5.97843  0.61958  0.77255  0.48576  0.95510
      4   2.65653  5.47241  3.09335  2.54094  4.51712  3.50330  3.52187  4.11013  1.15828  3.45941  4.51635  3.19475  4.16312  2.86294  2.80398  2.95985  2.43527  3.48109  5.91216  4.50916      4 k - - -
          2.68618  4.42225  2.77519  2.73123  3.46354  2.40513  3.72494  3.29354  2.67741  2.69355  4.24690  2.90347  2.73739  3.18146  2.89801  2.37887  2.77519  2.98518  4.58477  3.61503
          0.03660  5.25608  3.48290  0.61958  0.77255  0.48576  0.95510
      5   3.05301  4.86126  3.78127  3.06201  3.13264  3.98722  3.22738  3.38622  3.19315  2.99220  3.96155  2.42370  4.37036  3.51008  3.57614  3.04338  2.97242  3.06365  5.31511  1.13960      5 y - - -
          2.68618  4.42225  2.77519  2.73123  3.46354  2.40513  3.72494  3.29354  2.67741  2.69355  4.24690  2.90347  2.73739  3.18146  2.89801  2.37887  2.77519  2.98518  4.58477  3.61503
          0.00801  5.22749  5.94984  0.61958  0.77255  0.42916  1.05284
      6   2.61638  5.49195  2.43805  1.94113  4.83308  3.76533  3.95308  3.20309  2.46618  3.79555  4.31917  2.21650  3.76405  2.67513  3.18164  2.88319  1.94022  3.70907  5.92697  4.51832      6 t - - -
          2.68618  4.42225  2.77519  2.73123  3.46354  2.40513  3.72494  3.29354  2.67741  2.69355  4.24690  2.90347  2.73739  3.18146  2.89801  2.37887  2.77519  2.98518  4.58477  3.61503
          0.00778  5.25608  5.97843  0.61958  0.77255  0.48576  0.95510
      7   2.75572  4.85611  4.42629  3.91761  3.95575  4.18860  4.66525  2.82026  3.78712  2.68337  3.99398  4.18758  0.69056  4.10300  4.04422  3.52541  3.51846  3.02988  5.51755  3.81121      7 P - - -
          2.68622  4.42229  2.77513  2.73127  3.46358  2.40516  3.72498  3.29332  2.67744  2.69345  4.24693  2.90350  2.73743  3.18150  2.89804  2.37891  2.77516  2.98505  4.58481  3.61507
          0.08432  2.54685  5.97843  0.21858  1.62789  0.48576  0.95510
      8   2.91703  5.42977  3.27003  1.91174  3.99112  3.37621  3.96743  2.95892  2.06569  3.61713  4.47823  3.15992  4.16984  2.40006  2.97690  2.40099  2.15176  3.06184  5.88034  4.48776      9 e - - -
          2.68618  4.42225  2.77519  2.73123  3.46354  2.40513  3.72494  3.29354  2.67741  2.69355  4.24690  2.90347  2.73739  3.18146  2.89801  2.37887  2.77519  2.98518  4.58477  3.61503
          0.00778  5.25608  5.97843  0.61958  0.77255  0.48576  0.95510
      9   1.80279  4.91731  3.37090  3.09538  3.73699  2.00835  4.15959  3.47185  3.07154  3.15143  3.78819  3.56120  3.60696  3.39889  3.48393  2.61326  2.08212  2.37806  5.47972  4.06036     10 a - - -
          2.68618  4.42225  2.77519  2.73123  3.46354  2.40513  3.72494  3.29354  2.67741  2.69355  4.24690  2.90347  2.73739  3.18146  2.89801  2.37887  2.77519  2.98518  4.58477  3.61503
          0.00778  5.25608  5.97843  0.61958  0.77255  0.48576  0.95510
     10   2.82571  5.50125  2.70566  2.43087  4.84657  2.65210  3.70619  4.33269  1.74549  3.80661  4.16646  2.91351  3.91487  1.94104  3.00106  2.95225  2.34958  3.69460  5.93374  4.52268     11 k - - -
          2.68618  4.42225  2.77519  2.73123  3.46354  2.40513  3.72494  3.29354  2.67741  2.69355  4.24690  2.90347  2.73739  3.18146  2.89801  2.37887  2.77519  2.98518  4.58477  3.61503
          0.00778  5.25608  5.97843  0.61958  0.77255  0.48576  0.95510
     11   2.62488  5.49946  2.11757  2.37218  4.84371  3.10656  3.95163  4.32917  2.30613  3.56831  4.54040  2.84950  2.48222  2.80297  3.17963  2.26788  2.33744  3.53967  5.93263  4.52205     12 d - - -
          2.68620  4.42227  2.77503  2.73125  3.46356  2.40515  3.72497  3.29356  2.67743  2.69357  4.24692  2.90329  2.73742  3.18148  2.89803  2.37889  2.77522  2.98520  4.58479  3.61505
          0.05013  3.07137  5.97843  0.30418  1.33837  0.48576  0.95510
     12   2.99859  4.45198  4.80499  3.28370  3.22225  4.05679  4.51249  1.58705  3.92867  1.76594  3.50658  4.28300  4.55543  2.89262  4.10967  3.49200  3.10984  1.64274  5.07153  3.55716     14 i - - -
          2.68618  4.42225  2.77519  2.73123  3.46354  2.40513  3.72494  3.29354  2.67741  2.69355  4.24690  2.90347  2.73739  3.18146  2.89801  2.37887  2.77519  2.98518  4.58477  3.61503
          0.00778  5.25608  5.97843  0.61958  0.77255  0.48576  0.95510
     13   2.92529  5.44556  3.12840  2.00105  4.76753  3.77421  3.70794  3.21150  2.20802  3.74092  4.49237  2.57546  4.16721  3.02310  3.15581  2.67324  1.56096  3.25142  5.89228  3.98363     15 t - - -
          2.68618  4.42225  2.77519  2.73123  3.46354  2.40513  3.72494  3.29354  2.67741  2.69355  4.24690  2.90347  2.73739  3.18146  2.89801  2.37887  2.77519  2.98518  4.58477  3.61503
          0.00778  5.25608  5.97843  0.61958  0.77255  0.48576  0.95510
     14   2.63045  4.55667  4.60565  4.02018  3.22535  4.22289  4.53786  2.25498  2.22389  2.63867  3.67726  4.21745  4.58872  4.11495  4.06821  3.51398  2.04034  1.29855  5.20455  4.01247     16 v - - -
          2.68618  4.42225  2.77519  2.73123  3.46354  2.40513  3.72494  3.29354  2.67741  2.69355  4.24690  2.90347  2.73739  3.18146  2.89801  2.37887  2.77519  2.98518  4.58477  3.61503
          0.00778  5.25608  5.97843  0.61958  0.77255  0.48576  0.95510
     15   2.69736  5.49641  2.32225  2.21226  4.83983  3.57833  3.63530  3.61566  2.09208  3.68024  3.90277  2.43402  2.76005  2.91318  2.97630  2.55915  2.65319  3.45641  5.93008  3.69624     17 k - - -
          2.68618  4.42225  2.77519  2.73123  3.46354  2.40513  3.72494  3.29354  2.67741  2.69355  4.24690  2.90347  2.73739  3.18146  2.89801  2.37887  2.77519  2.98518  4.58477  3.61503
          0.01532  5.25608  4.60684  0.61958  0.77255  0.48576  0.95510
     16   2.55089  5.07545  3.48631  2.69121  3.36965  3.86171  3.61159  3.28853  2.05280  2.50275  4.03971  3.09644  3.82071  2.40588  3.09968  3.07238  2.93521  2.15641  5.60192  3.02607     18 k - - -
          2.68618  4.42225  2.77519  2.73123  3.46354  2.40513  3.72494  3.29354  2.67741  2.69355  4.24690  2.90347  2.73739  3.18146  2.89801  2.37887  2.77519  2.98518  4.58477  3.61503
          0.00784  5.24861  5.97095  0.61958  0.77255  0.46937  0.98188
     17   3.36083  5.69481  3.07188  2.91407  4.99768  0.79417  3.55107  4.52096  3.22444  4.07091  4.88759  2.13988  4.45764  3.50315  3.72631  2.96231  3.63637  4.13261  6.23232  3.95367     19 g - - -
          2.68618  4.42225  2.77519  2.73123  3.46354  2.40513  3.72494  3.29354  2.67741  2.69355  4.24690  2.90347  2.73739  3.18146  2.89801  2.37887  2.77519  2.98518  4.58477  3.61503
          0.00778  5.25608  5.97843  0.61958  0.77255  0.48576  0.95510
     18   2.89144  5.50039  2.33897  1.65884  4.84512  3.07993  3.28665  4.33091  2.39442  3.80552  4.07017  2.87969  4.15749  2.72217  3.17902  2.59331  2.14286  3.38259  5.93324  4.52240     20 e - - -
          2.68618  4.42225  2.77519  2.73123  3.46354  2.40513  3.72494  3.29354  2.67741  2.69355  4.24690  2.90347  2.73739  3.18146  2.89801  2.37887  2.77519  2.98518  4.58477  3.61503
          0.16973  5.25608  1.89119  0.61958  0.77255  0.48576  0.95510
     19   2.82682  5.39550  2.72182  2.36321  4.72722  3.40000  3.74622  4.20389  2.15771  3.18116  4.43970  2.78796  3.15649  2.89068  2.95939  2.70483  1.93574  2.41697  5.83623  4.43346     21 t - - -
          2.68643  4.42260  2.77501  2.73139  3.46389  2.40515  3.72530  3.29291  2.67776  2.69267  4.24725  2.90346  2.73738  3.18182  2.89836  2.37899  2.77476  2.98479  4.58512  3.61538
          0.41910  1.08060  5.81784  0.83530  0.56871  0.28739  1.38717
     20   2.43843  5.40130  2.57670  2.47115  4.28785  3.16725  3.81520  3.78279  2.48371  3.01333  4.45277  3.26794  1.56249  2.96635  3.06607  2.91972  3.12719  3.10152  5.85886  4.47358     25 p - - -
          2.68618  4.42225  2.77519  2.73123  3.46354  2.40513  3.72494  3.29354  2.67741  2.69355  4.24690  2.90347  2.73739  3.18146  2.89801  2.37887  2.77519  2.98518  4.58477  3.61503
          0.07074  5.25608  2.76340  0.61958  0.77255  0.48576  0.95510
     21   2.56534  5.43824  1.76125  2.30032  4.38481  3.74008  3.92863  3.85441  2.38976  3.43687  3.75951  2.63450  3.62206  2.92922  3.15931  2.52499  2.37230  3.20275  5.87931  4.47686     26 d - - -
          2.68622  4.42230  2.77524  2.73128  3.46358  2.40517  3.72499  3.29307  2.67745  2.69331  4.24694  2.90351  2.73744  3.18151  2.89805  2.37891  2.77524  2.98523  4.58399  3.61508
          0.10790  2.30673  5.91598  0.19279  1.74099  0.37870  1.15440
     22   1.51443  4.61966  4.19782  3.62489  3.74916  4.06983  4.37158  2.52148  3.44685  2.36370  3.74167  3.94088  2.23171  3.81513  3.82510  2.94435  2.05736  2.64474  5.23248  4.02349     28 a - - -
          2.68618  4.42225  2.77519  2.73123  3.46354  2.40513  3.72494  3.29354  2.67741  2.69355  4.24690  2.90347  2.73739  3.18146  2.89801  2.37887  2.77519  2.98518  4.58477  3.61503
          0.00778  5.25608  5.97843  0.61958  0.77255  0.48576  0.95510
     23   2.20222  5.49951  2.82461  1.76489  4.84422  3.40704  3.95071  4.11122  1.81768  3.80464  4.54028  3.20313  3.87841  2.73066  2.87538  2.46806  2.66674  3.72942  5.93241  3.96014     29 e - - -
          2.68618  4.42225  2.77519  2.73123  3.46354  2.40513  3.72494  3.29354  2.67741  2.69355  4.24690  2.90347  2.73739  3.18146  2.89801  2.37887  2.77519  2.98518  4.58477  3.61503
          0.00778  5.25608  5.97843  0.61958  0.77255  0.48576  0.95510
     24   2.62809  5.50970  1.67383  1.95808  4.85471  3.71070  3.95672  4.34122  1.96123  3.61117  4.55070  2.77965  4.16219  2.79853  3.15393  2.55438  2.85293  3.79970  5.94209  4.53019     30 d - - -
          2.68618  4.42225  2.77519  2.73123  3.46354  2.40513  3.72494  3.29354  2.67741  2.69355  4.24690  2.90347  2.73739  3.18146  2.89801  2.37887  2.77519  2.98518  4.58477  3.61503
          0.00778  5.25608  5.97843  0.61958  0.77255  0.48576  0.95510
     25   2.21694  5.41455  2.77988  2.18066  4.20166  2.08847  3.43617  3.79858  2.60705  3.19219  4.46462  2.95087  4.17268  3.08019  3.02828  2.55367  3.06342  2.39603  5.86887  4.48017     31 g - - -
          2.68618  4.42225  2.77519  2.73123  3.46354  2.40513  3.72494  3.29354  2.67741  2.69355  4.24690  2.90347  2.73739  3.18146  2.89801  2.37887  2.77519  2.98518  4.58477  3.61503
          0.00778  5.25608  5.97843  0.61958  0.77255  0.48576  0.95510
     26   3.35352  4.69611  4.14539  4.66708  3.89325  4.60776  5.00147  1.08495  4.50550  2.13424  3.84517  4.73317  4.94997  4.68145  4.58026  3.58638  2.89630  1.31176  5.51548  4.32651     32 i - - -
          2.68624  4.42231  2.77516  2.73118  3.46360  2.40512  3.72501  3.29308  2.67736  2.69361  4.24696  2.90353  2.73727  3.18153  2.89807  2.37887  2.77526  2.98525  4.58483  3.61509
          0.13174  2.70083  2.87746  0.67022  0.71662  0.48576  0.95510
     27   2.46890  5.40763  2.90062  2.45600  4.72509  3.08978  3.94018  3.23520  1.95480  3.33953  4.45565  3.05751  4.14281  2.97690  3.09956  2.21870  1.96027  3.28130  5.85721  3.94645     35 k - - -
          2.68618  4.42225  2.77519  2.73123  3.46354  2.40513  3.72494  3.29354  2.67741  2.69355  4.24690  2.90347  2.73739  3.18146  2.89801  2.37887  2.77519  2.98518  4.58477  3.61503
          0.05040  5.20084  3.13188  0.61958  0.77255  0.64924  0.73907
     28   2.93284  5.47344  2.58541  2.66368  4.05763  2.44486  3.95089  4.28404  2.52924  3.77453  4.52255  1.27239  3.53608  2.89993  3.19798  2.82055  3.04976  3.85798  5.91624  4.50874     36 n - - -
          2.68618  4.42225  2.77519  2.73123  3.46354  2.40513  3.72494  3.29354  2.67741  2.69355  4.24690  2.90347  2.73739  3.18146  2.89801  2.37887  2.77519  2.98518  4.58477  3.61503
          0.03457  5.16189  3.56686  0.61958  0.77255  0.76903  0.62261
     29   2.16045  5.23404  2.96595  2.72873  3.91711  3.75076  3.57102  3.75796  1.81427  2.61534  4.17134  2.99912  3.77267  2.87485  3.05588  2.26834  2.95256  2.90255  4.41076  4.06591     37 k - - -
          2.68618  4.42225  2.77519  2.73123  3.46354  2.40513  3.72494  3.29354  2.67741  2.69355  4.24690  2.90347  2.73739  3.18146  2.89801  2.37887  2.77519  2.98518  4.58477  3.61503
          0.02776  5.13610  3.83981  0.61958  0.77255  0.78708  0.60728
     30   2.64630  5.40198  1.98058  2.35139  4.44598  2.99887  3.89953  3.89741  2.52437  3.53432  4.44698  2.75665  3.07594  2.79218  3.13096  2.45656  3.08356  2.23074  5.84454  4.44358     38 d - - -
          2.68618  4.42225  2.77519  2.73123  3.46354  2.40513  3.72494  3.29354  2.67741  2.69355  4.24690  2.90347  2.73739  3.18146  2.89801  2.37887  2.77519  2.98518  4.58477  3.61503
          0.00887  5.12589  5.84824  0.61958  0.77255  0.85366  0.55487
     31   2.62008  5.44171  1.95808  2.19100  4.78434  3.65339  3.89623  3.75192  2.30940  3.74596  4.48330  2.97631  4.10156  2.46872  3.12625  2.34391  2.04326  3.83110  5.87565  4.46538     39 d - - -
          2.68596  4.42272  2.77508  2.73140  3.46401  2.40519  3.72541  3.29365  2.67683  2.69365  4.24737  2.90364  2.73741  3.18141  2.89848  2.37898  2.77471  2.98475  4.58455  3.61517
          0.23512  1.79260  3.14669  1.70835  0.19987  0.34835  1.22367
     32   2.70225  4.40889  4.87283  3.95849  3.37864  4.17465  4.50259  2.41313  3.73001  1.09029  3.07950  4.30085  4.27150  4.22469  4.11954  3.26408  2.88413  1.88981  5.02955  3.58736     47 l - - -
          2.68618  4.42225  2.77519  2.73123  3.46354  2.40513  3.72494  3.29354  2.67741  2.69355  4.24690  2.90347  2.73739  3.18146  2.89801  2.37887  2.77519  2.98518  4.58477  3.61503
          0.00816  5.20874  5.93108  0.61958  0.77255  0.46845  0.98343
     33   3.67188  6.06496  2.59895  2.83915  5.47989  4.00576  4.58110  4.95376  3.28643  4.21574  5.35541  3.52955  0.51001  3.75925  4.06866  3.60259  3.56950  4.54205  6.68124  5.23437     48 P - - -
          2.68636  4.42253  2.77500  2.73152  3.46317  2.40510  3.72511  3.29331  2.67769  2.69364  4.24718  2.90346  2.73658  3.18165  2.89817  2.37910  2.77548  2.98527  4.58505  3.61334
          0.35717  1.64198  2.23726  1.01320  0.45107  0.45518  1.00604
     34   2.19122  5.45892  2.15825  1.71218  4.80326  3.71635  3.90735  4.28938  2.20916  3.76387  4.50018  3.01895  4.11256  2.61646  3.08648  2.59484  2.51438  3.73266  5.89170  4.48005     52 e - - -
          2.68621  4.42228  2.77505  2.73126  3.46316  2.40516  3.72497  3.29357  2.67744  2.69358  4.24693  2.90336  2.73742  3.18149  2.89804  2.37890  2.77522  2.98521  4.58480  3.61506
          0.13519  2.65355  2.88147  0.25220  1.50100  0.58076  0.81978
     35   2.86859  5.43872  1.86906  2.47489  4.77255  1.64515  3.91508  3.91345  2.49921  3.73931  4.48319  2.84167  3.41030  2.97322  3.15054  2.82963  2.90836  3.70657  5.87787  4.16216     54 g - - -
          2.68618  4.42225  2.77519  2.73123  3.46354  2.40513  3.72494  3.29354  2.67741  2.69355  4.24690  2.90347  2.73739  3.18146  2.89801  2.37887  2.77519  2.98518  4.58477  3.61503
          0.00873  5.14145  5.86380  0.61958  0.77255  0.72168  0.66541
     36   2.23124  5.19274  3.25213  2.75396  4.48869  3.02663  4.02115  3.91311  2.36412  3.50402  4.30776  3.33007  4.18758  3.16469  3.27964  2.74017  1.23485  3.04526  5.73354  4.39134     55 t - - -
          2.68635  4.42271  2.77518  2.73135  3.46400  2.40504  3.72540  3.29331  2.67705  2.69383  4.24736  2.90369  2.73657  3.18114  2.89847  2.37910  2.77489  2.98498  4.58523  3.61487
          0.29534  1.37463  5.88284  1.28585  0.32354  0.63812  0.75138
     37   2.91283  5.46218  2.67746  2.38118  4.80449  3.42944  3.92002  3.68080  1.63972  3.76625  4.50361  2.92630  4.12605  2.47539  3.08446  2.47967  2.00010  3.39167  5.89647  4.48719     61 k - - -
          2.68618  4.42225  2.77519  2.73123  3.46354  2.40513  3.72494  3.29354  2.67741  2.69355  4.24690  2.90347  2.73739  3.18146  2.89801  2.37887  2.77519  2.98518  4.58477  3.61503
          0.02637  5.18687  3.89059  0.61958  0.77255  0.70378  0.68263
     38   2.55316  4.38302  4.87647  4.26682  2.66842  3.91868  4.48515  1.96468  3.66562  2.48011  3.22161  4.29070  3.79157  4.21665  4.10729  3.46355  3.09798  1.75546  5.00401  1.74494     62 y - - -
          2.68618  4.42225  2.77519  2.73123  3.46354  2.40513  3.72494  3.29354  2.67741  2.69355  4.24690  2.90347  2.73739  3.18146  2.89801  2.37887  2.77519  2.98518  4.58477  3.61503
          0.00849  5.16899  5.89134  0.61958  0.77255  0.75107  0.63840
     39   2.48073  5.44166  2.69969  2.10372  4.77903  3.72600  3.60770  3.70766  2.38198  3.63560  4.18331  2.70957  3.83131  2.95475  3.08806  2.23728  1.80914  3.38297  5.87897  4.47269     63 t - - -
          2.68618  4.42225  2.77519  2.73123  3.46354  2.40513  3.72494  3.29354  2.67741  2.69355  4.24690  2.90347  2.73739  3.18146  2.89801  2.37887  2.77519  2.98518  4.58477  3.61503
          0.00849  5.16899  5.89134  0.61958  0.77255  0.70953  0.67703
     40   2.85941  4.40519  3.65737  4.21878  2.60355  4.15968  4.47799  2.46370  4.03498  2.43870  3.52160  4.27131  4.19747  4.19254  4.09440  3.46466  3.23953  1.90534  1.39220  3.19856     64 w - - -
          2.68618  4.42225  2.77519  2.73123  3.46354  2.40513  3.72494  3.29354  2.67741  2.69355  4.24690  2.90347  2.73739  3.18146  2.89801  2.37887  2.77519  2.98518  4.58477  3.61503
          0.16875  5.17678  1.89954  0.61958  0.77255  0.73085  0.65681
     41   2.48940  5.37785  2.79424  2.02838  4.71618  3.65953  3.84730  3.94279  1.62476  3.50059  4.42029  3.01103  3.96752  2.50231  3.01924  2.74365  2.56706  3.18110  5.81455  3.88232     65 k - - -
          2.68618  4.42225  2.77519  2.73123  3.46354  2.40513  3.72494  3.29354  2.67741  2.69355  4.24690  2.90347  2.73739  3.18146  2.89801  2.37887  2.77519  2.98518  4.58477  3.61503
          0.02859  5.01790  3.83663  0.61958  0.77255  0.46819  0.98385
     42   2.75389  5.44396  2.07057  2.06587  4.59629  3.11138  3.90886  3.63851  2.24950  3.56739  4.10837  2.71952  3.83534  2.72697  3.13752  2.78684  2.16694  3.18438  5.87974  4.47191     66 e - - -
          2.68631  4.42250  2.77458  2.73132  3.46379  2.40504  3.72520  3.29379  2.67742  2.69380  4.24715  2.90276  2.73751  3.18171  2.89826  2.37912  2.77471  2.98503  4.58502  3.61510
          0.44640  1.08152  3.86365  0.46027  0.99727  0.77126  0.62070
     43   2.59126  5.22347  3.09266  2.38049  3.95662  3.26861  3.95576  3.17256  2.53907  3.33348  4.28717  3.11741  1.82834  3.03335  3.20881  2.73070  2.22011  3.07526  5.70963  3.99285     69 p - - -
          2.68606  4.42265  2.77534  2.73133  3.46394  2.40511  3.72497  3.29340  2.67728  2.69314  4.24730  2.90327  2.73760  3.18114  2.89834  2.37901  2.77464  2.98536  4.58517  3.61544
          0.41584  1.19996  3.24394  1.02515  0.44433  0.54367  0.86896
     44   2.88688  4.59015  4.07810  3.70892  3.74455  3.90836  4.41726  2.49980  3.61171  2.76496  3.73395  3.99351  1.22313  3.88274  3.53613  3.35914  3.27523  1.69865  5.24246  4.03802     73 p - - -
          2.68618  4.42225  2.77519  2.73123  3.46354  2.40513  3.72494  3.29354  2.67741  2.69355  4.24690  2.90347  2.73739  3.18146  2.89801  2.37887  2.77519  2.98518  4.58477  3.61503
          0.00852  5.16531  5.88765  0.61958  0.77255  0.67097  0.71583
     45   3.42160  6.02810  0.85023  2.44249  5.33992  3.87520  4.28515  4.85974  2.82336  4.31944  5.10439  2.21134  3.91979  2.99979  3.74223  2.57667  3.68233  4.40571  6.45359  4.96991     74 d - - -
          2.68619  4.42226  2.77520  2.73124  3.46354  2.40513  3.72495  3.29355  2.67741  2.69355  4.24690  2.90347  2.73740  3.18147  2.89801  2.37887  2.77520  2.98504  4.58477  3.61504
          0.02358  3.88352  5.90482  0.45788  1.00137  0.36490  1.18504
     46   2.84127  4.50621  4.53191  3.94363  3.35104  2.37316  4.45116  2.76110  3.81900  2.45964  3.45514  4.13864  4.28916  4.03391  3.98935  3.06267  1.29070  1.97050  5.11965  3.67819     76 t - - -
          2.68618  4.42225  2.77519  2.73123  3.46354  2.40513  3.72494  3.29354  2.67741  2.69355  4.24690  2.90347  2.73739  3.18146  2.89801  2.37887  2.77519  2.98518  4.58477  3.61503
          0.00778  5.25608  5.97843  0.61958  0.77255  0.48576  0.95510
     47   2.68511  4.60706  2.39374  2.69642  4.79971  3.76946  3.95802  4.27617  2.33027  3.67049  3.83531  2.44572  3.75075  2.79462  3.18863  1.78681  2.03536  3.85157  5.90921  3.92044     77 s - - -
          2.68618  4.42225  2.77519  2.73123  3.46354  2.40513  3.72494  3.29354  2.67741  2.69355  4.24690  2.90347  2.73739  3.18146  2.89801  2.37887  2.77519  2.98518  4.58477  3.61503
          0.00778  5.25608  5.97843  0.61958  0.77255  0.48576  0.95510
     48   2.83370  5.45950  3.25835  2.31434  4.78715  3.68725  3.96108  3.70046  1.81021  3.75708  4.09922  3.07143  4.16558  2.60605  2.86643  2.65769  1.56724  3.38624  5.90253  4.50293     78 t - - -
          2.68618  4.42225  2.77519  2.73123  3.46354  2.40513  3.72494  3.29354  2.67741  2.69355  4.24690  2.90347  2.73739  3.18146  2.89801  2.37887  2.77519  2.98518  4.58477  3.61503
          0.00778  5.25608  5.97843  0.61958  0.77255  0.48576  0.95510
     49   2.16593  5.24407  3.15958  2.38949  4.49530  3.74237  3.93675  3.72792  2.63397  3.24681  4.31093  3.33860  1.68808  3.16047  3.27788  2.51023  2.79409  2.49210  5.21750  4.39167     79 p - - -
          2.68618  4.42225  2.77519  2.73123  3.46354  2.40513  3.72494  3.29354  2.67741  2.69355  4.24690  2.90347  2.73739  3.18146  2.89801  2.37887  2.77519  2.98518  4.58477  3.61503
          0.00778  5.25608  5.97843  0.61958  0.77255  0.48576  0.95510
     50   3.05602  5.46654  3.63182  3.60352  5.72853  0.36667  5.05680  5.22106  3.19324  4.80056  5.63472  3.41213  4.70770  4.28390  4.30352  3.51875  3.89850  4.56630  6.93192  5.64878     80 G - - -
          2.68618  4.42225  2.77519  2.73123  3.46354  2.40513  3.72494  3.29354  2.67741  2.69355  4.24690  2.90347  2.73739  3.18146  2.89801  2.37887  2.77519  2.98518  4.58477  3.61503
          0.00778  5.25608  5.97843  0.61958  0.77255  0.48576  0.95510
     51   2.87151  5.50004  2.05620  2.13296  4.84496  3.31299  3.41824  4.14613  2.20735  3.80525  4.27071  2.81325  3.89737  2.54839  3.04742  2.88274  1.99680  3.15770  5.93280  4.52193     81 t - - -
          2.68618  4.42225  2.77519  2.73123  3.46354  2.40513  3.72494  3.29354  2.67741  2.69355  4.24690  2.90347  2.73739  3.18146  2.89801  2.37887  2.77519  2.98518  4.58477  3.61503
          0.00778  5.25608  5.97843  0.61958  0.77255  0.48576  0.95510
     52   2.92438  5.11875  3.45854  2.85607  2.86724  3.85356  3.17701  3.52171  1.62134  3.36689  4.03062  3.40800  3.64105  2.92224  3.17123  2.67718  2.39832  2.64379  5.63766  2.76846     82 k - - -
          2.68614  4.42229  2.77512  2.73127  3.46358  2.40493  3.72499  3.29358  2.67732  2.69359  4.24694  2.90351  2.73744  3.18150  2.89805  2.37891  2.77524  2.98522  4.58481  3.61507
          0.09270  2.45344  5.97843  0.20478  1.68644  0.48576  0.95510
     53   2.95641  5.49749  2.48418  2.27789  4.84133  3.76395  3.83883  3.72408  2.17344  3.80225  4.53848  2.46186  2.57127  2.75761  2.92407  2.73154  1.98902  3.44491  5.93091  3.95907     84 t - - -
          2.68618  4.42225  2.77519  2.73123  3.46354  2.40513  3.72494  3.29354  2.67741  2.69355  4.24690  2.90347  2.73739  3.18146  2.89801  2.37887  2.77519  2.98518  4.58477  3.61503
          0.00778  5.25608  5.97843  0.61958  0.77255  0.48576  0.95510
     54   2.05453  4.69669  3.79679  3.20664  3.82766  1.55583  4.28860  2.61359  3.36467  2.78312  3.80410  3.46091  4.40337  3.65597  3.69601  3.12787  3.10460  1.88781  5.28685  3.82091     85 g - - -
          2.68618  4.42225  2.77519  2.73123  3.46354  2.40513  3.72494  3.29354  2.67741  2.69355  4.24690  2.90347  2.73739  3.18146  2.89801  2.37887  2.77519  2.98518  4.58477  3.61503
          0.00778  5.25608  5.97843  0.61958  0.77255  0.48576  0.95510
     55   2.80196  5.42563  2.84973  2.46143  4.73986  3.52622  3.67959  2.83627  2.35429  3.39483  4.47451  2.93496  2.82598  2.74964  2.95815  2.89627  1.90887  2.68607  5.87721  3.60747     86 t - - -
          2.68618  4.42225  2.77519  2.73123  3.46354  2.40513  3.72494  3.29354  2.67741  2.69355  4.24690  2.90347  2.73739  3.18146  2.89801  2.37887  2.77519  2.98518  4.58477  3.61503
          0.00778  5.25608  5.97843  0.61958  0.77255  0.48576  0.95510
     56   4.05727  5.22710  6.20468  5.74787  4.50359  5.74884  6.51942  1.66065  5.71249  2.25771  3.73045  5.91617  5.91029  5.92145  5.85896  5.20213  4.31282  0.51166  6.71234  5.53468     87 V - - -
          2.68618  4.42225  2.77519  2.73123  3.46354  2.40513  3.72494  3.29354  2.67741  2.69355  4.24690  2.90347  2.73739  3.18146  2.89801  2.37887  2.77519  2.98518  4.58477  3.61503
          0.00778  5.25608  5.97843  0.61958  0.77255  0.48576  0.95510
     57   2.99889  5.23964  3.27782  2.17388  4.48930  3.82139  3.90643  2.94736  2.27082  3.28737  4.30690  3.26741  4.21175  2.61860  3.23538  3.02222  1.80597  1.99168  5.73393  4.15058     88 t - - -
          2.68618  4.42225  2.77519  2.73123  3.46354  2.40513  3.72494  3.29354  2.67741  2.69355  4.24690  2.90347  2.73739  3.18146  2.89801  2.37887  2.77519  2.98518  4.58477  3.61503
          0.00778  5.25608  5.97843  0.61958  0.77255  0.48576  0.95510
     58   3.47733  5.16919  6.10633  5.64415  4.55454  5.63047  6.39124  1.97523  5.59469  2.46463  4.06635  5.79568  5.83676  5.84246  5.75377  5.06971  4.24106  0.41694  6.68212  5.46758     89 V - - -
          2.68618  4.42225  2.77519  2.73123  3.46354  2.40513  3.72494  3.29354  2.67741  2.69355  4.24690  2.90347  2.73739  3.18146  2.89801  2.37887  2.77519  2.98518  4.58477  3.61503
          0.00778  5.25608  5.97843  0.61958  0.77255  0.48576  0.95510
     59   2.94921  5.24300  3.38017  2.56820  4.49320  3.82581  3.72419  3.35307  2.47231  3.39372  4.16037  2.99135  4.21640  3.11077  3.27610  2.80674  1.05083  3.41103  5.73685  4.39375     90 t - - -
          2.68618  4.42225  2.77519  2.73123  3.46354  2.40513  3.72494  3.29354  2.67741  2.69355  4.24690  2.90347  2.73739  3.18146  2.89801  2.37887  2.77519  2.98518  4.58477  3.61503
          0.00778  5.25608  5.97843  0.61958  0.77255  0.48576  0.95510
     60   5.49267  6.29810  6.16525  6.20367  1.78087  5.82185  4.36333  5.00359  5.96705  4.06347  5.49419  5.31498  6.06660  5.51985  5.69675  5.25919  5.67644  4.98574  4.42687  0.31041     91 Y - - -
          2.68618  4.42225  2.77519  2.73123  3.46354  2.40513  3.72494  3.29354  2.67741  2.69355  4.24690  2.90347  2.73739  3.18146  2.89801  2.37887  2.77519  2.98518  4.58477  3.61503
          0.00778  5.25608  5.97843  0.61958  0.77255  0.48576  0.95510
     61   2.90189  5.52971  3.14736  2.44341  4.85059  3.54354  4.03554  4.32069  2.43948  3.62420  4.58573  2.99773  1.05137  3.02158  3.28344  2.92633  3.04739  3.90913  5.97929  4.57929     92 p - - -
          2.68618  4.42225  2.77519  2.73123  3.46354  2.40513  3.72494  3.29354  2.67741  2.69355  4.24690  2.90347  2.73739  3.18146  2.89801  2.37887  2.77519  2.98518  4.58477  3.61503
          0.00778  5.25608  5.97843  0.61958  0.77255  0.48576  0.95510
     62   4.22993  6.78510  0.22767  3.12719  6.19049  4.20327  5.00247  5.98252  4.31220  5.40582  6.40446  3.34899  4.94419  4.22676  5.07255  4.06120  4.60432  5.44910  7.35718  5.80512     93 D - - -
          2.68618  4.42225  2.77519  2.73123  3.46354  2.40513  3.72494  3.29354  2.67741  2.69355  4.24690  2.90347  2.73739  3.18146  2.89801  2.37887  2.77519  2.98518  4.58477  3.61503
          0.00778  5.25608  5.97843  0.61958  0.77255  0.48576  0.95510
     63   3.20054  5.97028  2.82113  2.77094  5.29945  0.74937  4.32547  4.79566  2.46977  4.27869  5.07169  2.75700  4.46427  3.15603  3.70974  3.15375  3.70301  4.36381  6.42512  4.97443     94 g - - -
          2.68618  4.42225  2.77519  2.73123  3.46354  2.40513  3.72494  3.29354  2.67741  2.69355  4.24690  2.90347  2.73739  3.18146  2.89801  2.37887  2.77519  2.98518  4.58477  3.61503
          0.00778  5.25608  5.97843  0.61958  0.77255  0.48576  0.95510
     64   3.12208  5.07148  4.37943  4.07282  5.24699  3.84307  5.11531  4.66417  3.72939  3.97432  5.16787  4.21148  4.59364  4.37820  4.31980  0.54510  1.73604  4.09885  6.56869  5.36160     95 S - - -
          2.68619  4.42226  2.77520  2.73124  3.46355  2.40513  3.72495  3.29355  2.67728  2.69356  4.24690  2.90347  2.73740  3.18147  2.89801  2.37888  2.77520  2.98519  4.58478  3.61504
          0.02520  3.80080  5.97843  0.43184  1.04787  0.48576  0.95510
     65   2.83522  5.35189  3.30907  2.57560  4.01536  3.79367  3.64200  3.29647  1.97314  3.63189  4.00212  3.28855  4.18550  2.44215  3.12298  2.14121  1.68615  3.52567  5.82113  4.03367     97 t - - -
          2.68618  4.42225  2.77519  2.73123  3.46354  2.40513  3.72494  3.29354  2.67741  2.69355  4.24690  2.90347  2.73739  3.18146  2.89801  2.37887  2.77519  2.98518  4.58477  3.61503
          0.00778  5.25608  5.97843  0.61958  0.77255  0.48576  0.95510
     66   2.88536  5.61794  1.24774  1.90648  4.95767  3.80312  4.03542  4.44861  2.14243  3.92076  4.66440  3.12410  4.22800  2.68968  3.29968  2.80296  3.20956  3.77442  6.04932  4.62703     98 d - - -
          2.68618  4.42225  2.77519  2.73123  3.46354  2.40513  3.72494  3.29354  2.67741  2.69355  4.24690  2.90347  2.73739  3.18146  2.89801  2.37887  2.77519  2.98518  4.58477  3.61503
          0.00778  5.25608  5.97843  0.61958  0.77255  0.48576  0.95510
     67   2.99018  5.47871  2.57212  1.76190  4.81454  3.54157  2.96887  3.13773  2.37853  3.10980  4.52180  2.78932  3.73802  3.00123  2.84859  2.83774  2.44706  2.78049  5.91695  4.21687     99 e - - -
          2.68618  4.42225  2.77519  2.73123  3.46354  2.40513  3.72494  3.29354  2.67741  2.69355  4.24690  2.90347  2.73739  3.18146  2.89801  2.37887  2.77519  2.98518  4.58477  3.61503
          0.00778  5.25608  5.97843  0.61958  0.77255  0.48576  0.95510
     68   3.23427  4.59213  5.14588  4.55171  3.52466  4.23149  4.81023  2.01791  4.13261  2.15566  3.71394  4.58661  4.79887  4.27029  4.41310  3.76768  3.00569  0.78808  5.31519  4.13377    100 v - - -
          2.68618  4.42225  2.77519  2.73123  3.46354  2.40513  3.72494  3.29354  2.67741  2.69355  4.24690  2.90347  2.73739  3.18146  2.89801  2.37887  2.77519  2.98518  4.58477  3.61503
          0.00778  5.25608  5.97843  0.61958  0.77255  0.48576  0.95510
     69   2.62237  5.50727  2.58694  1.81691  4.85224  3.67090  3.95522  4.33860  2.16241  3.65079  4.54821  2.52168  2.42218  2.83930  3.18468  2.80667  2.24978  3.89790  5.93980  4.52813    101 e - - -
          2.68618  4.42225  2.77520  2.73124  3.46354  2.40507  3.72495  3.29354  2.67741  2.69355  4.24690  2.90347  2.73740  3.18147  2.89801  2.37887  2.77520  2.98519  4.58477  3.61503
          0.01878  4.13092  5.97843  0.48554  0.95547  0.48576  0.95510
     70   3.32243  5.01227  5.77379  5.28791  4.45127  5.12711  5.85496  1.74673  5.18594  3.07815  4.26026  5.35784  5.48138  5.42170  5.31431  4.19257  2.93286  0.52069  6.32162  5.10230    103 V - - -
          2.68618  4.42225  2.77519  2.73123  3.46354  2.40513  3.72494  3.29354  2.67741  2.69355  4.24690  2.90347  2.73739  3.18146  2.89801  2.37887  2.77519  2.98518  4.58477  3.61503
          0.00778  5.25608  5.97843  0.61958  0.77255  0.48576  0.95510
     71   2.85667  5.45803  3.08856  2.54749  4.78522  3.77151  3.89867  4.25876  2.13090  3.75565  4.17489  2.63404  2.02249  2.81015  3.19203  2.65788  1.83677  3.63666  4.53969  3.94660    104 t - - -
          2.68618  4.42225  2.77519  2.73123  3.46354  2.40513  3.72494  3.29354  2.67741  2.69355  4.24690  2.90347  2.73739  3.18146  2.89801  2.37887  2.77519  2.98518  4.58477  3.61503
          0.00778  5.25608  5.97843  0.61958  0.77255  0.48576  0.95510
     72   4.01079  5.19454  6.13964  5.66964  3.35757  5.64999  6.33841  1.64152  5.61577  2.57094  4.18824  5.81439  5.83463  5.81293  5.74454  5.08536  4.26479  0.50536  6.57373  5.37381    105 V - - -
          2.68618  4.42225  2.77519  2.73123  3.46354  2.40513  3.72494  3.29354  2.67741  2.69355  4.24690  2.90347  2.73739  3.18146  2.89801  2.37887  2.77519  2.98518  4.58477  3.61503
          0.00778  5.25608  5.97843  0.61958  0.77255  0.48576  0.95510
     73   2.89679  4.47441  3.14588  2.50437  4.59992  3.79993  2.91586  2.69433  2.20025  3.40514  3.73374  2.56308  4.19142  3.02626  3.13318  2.80147  1.69106  3.25811  5.79903  4.14819    106 t - - -
          2.68618  4.42225  2.77519  2.73123  3.46354  2.40513  3.72494  3.29354  2.67741  2.69355  4.24690  2.90347  2.73739  3.18146  2.89801  2.37887  2.77519  2.98518  4.58477  3.61503
          0.00778  5.25608  5.97843  0.61958  0.77255  0.48576  0.95510
     74   3.60332  5.15109  6.06880  5.63603  4.68058  5.51792  6.44498  1.82627  5.59034  3.12077  4.39553  5.75391  5.80525  5.88232  5.77151  4.97287  3.48608  0.39989  6.80202  5.55123    107 V - - -
          2.68618  4.42225  2.77519  2.73123  3.46354  2.40513  3.72494  3.29354  2.67741  2.69355  4.24690  2.90347  2.73739  3.18146  2.89801  2.37887  2.77519  2.98518  4.58477  3.61503
          0.00778  5.25608  5.97843  0.61958  0.77255  0.48576  0.95510
     75   2.76219  5.41820  3.21429  2.55148  4.72954  2.51814  3.71257  3.41299  1.96252  2.95548  4.36878  2.76403  4.04694  2.98489  2.76232  2.72371  1.99423  3.11851  5.87161  3.95036    108 k - - -
          2.68618  4.42225  2.77519  2.73123  3.46354  2.40513  3.72494  3.29354  2.67741  2.69355  4.24690  2.90347  2.73739  3.18146  2.89801  2.37887  2.77519  2.98518  4.58477  3.61503
          0.01019  5.25608  5.31475  0.61958  0.77255  0.48576  0.95510
     76   2.48301  5.50384  1.75056  2.08794  4.84775  3.19615  3.95488  4.33337  2.38881  3.80869  4.54514  3.07683  2.69517  2.90272  3.18480  2.64058  2.44721  3.57487  5.93711  4.52605    109 d - - -
          2.68618  4.42225  2.77519  2.73123  3.46354  2.40513  3.72494  3.29354  2.67741  2.69355  4.24690  2.90347  2.73739  3.18146  2.89801  2.37887  2.77519  2.98518  4.58477  3.61503
          0.00526  5.25115        *  0.61958  0.77255  0.00000        *
//
